1414802017 40
1414808214 84
1414809035 91
1414816573 145
1414825727 215
1414896723 287
1414898539 288
1414908010 300
1414908029 300
1414913560 300
1414915916 308
1415787124 593
1415795264 595
1415795300 594
1415922577 596
1415942906 598
1416091787 598
1416115950 647
1416270162 648
1416280208 636
1416281716 641
1425023430 641
1425024223 645
1425197477 878
1425198580 887
1425201679 891
1425202830 898
1425204432 897
1425204467 893
1425206325 907
1425277088 911
1425280461 1067
1425280600 1069
1425280760 1070
1425284088 1070
1425287990 1078
1425288064 1353
1425359665 1396
1425360018 1380
1425368267 1412
1425370613 1409
1425534027 1353
1425535982 1353
1425625372 1412
1425628171 1365
1425629246 1365
1425790428 1374
1426112657 1395
1426312919 1381
1426395590 1386
1426405454 1386
1426830299 1392
1426918719 1402
1426920758 1599
1427159625 1615
1427163508 1622
1427164315 1624
1427169391 1656
1427171306 1659
1427171652 1715
1427205043 1759
1427209116 1792
1427209730 1871
1427210231 1874
1427210269 1873
1427411057 1876
1427412128 1912
1427422551 1912
1427422633 1975
1427423949 1975
1427425375 1984
1427425409 2189
1427425762 2189
1427425955 2169
1427426162 2169
1427727142 2189
1427850856 2261
1427942377 2264
1428278251 2445
1428282134 2445
1456870141 2530
1456871127 2531
1458239403 2530
1458239423 2531
1458527069 2583
1461644312 2613
1461700124 2606
1462310084 2606
1462310166 2606
