1456761396 0 1 0 0 0 0 0 0 0 0 0 0 0 0
1456936094 0 1 0 0 0 0 0 0 0 1 0 0 0 0
1456936450 0 1 0 0 0 0 0 0 0 2 0 0 0 0
1456936527 0 1 0 0 0 0 0 0 0 3 0 0 0 0
1456950048 0 2 0 0 0 0 0 0 0 3 0 0 0 0
1456952095 0 3 0 0 0 0 0 0 0 3 0 0 0 0
1456952728 0 4 0 0 0 0 0 0 0 3 0 0 0 0
1456953115 0 5 0 0 0 0 0 0 0 3 0 0 0 0
1456953224 0 6 0 0 0 0 0 0 0 3 0 0 0 0
1456953330 0 7 0 0 0 0 0 0 0 3 0 0 0 0
1456955138 0 8 0 0 0 0 0 0 0 3 0 0 0 0
1457117247 0 9 0 0 0 0 0 0 0 3 0 0 0 0
1457445919 1 9 0 0 0 0 0 0 0 3 0 0 0 0
1457446093 2 9 0 0 0 0 0 0 0 3 0 0 0 0
1457450130 3 9 0 0 0 0 0 0 0 3 0 0 0 0
1457621465 3 9 0 0 0 0 0 0 1 3 0 0 0 0
1458583635 3 9 0 0 0 0 0 0 1 3 0 1 0 0
1458653253 3 9 0 0 0 1 0 0 1 3 0 1 0 0
1459449840 4 9 0 0 0 1 0 0 1 3 0 1 0 0
1459450012 5 9 0 0 0 1 0 0 1 3 0 1 0 0
1459450033 6 9 0 0 0 1 0 0 1 3 0 1 0 0
1459450039 7 9 0 0 0 1 0 0 1 3 0 1 0 0
1459466243 8 9 0 0 0 1 0 0 1 3 0 1 0 0
1459476389 9 9 0 0 0 1 0 0 1 3 0 1 0 0
1459476456 10 9 0 0 0 1 0 0 1 3 0 1 0 0
1459476468 11 9 0 0 0 1 0 0 1 3 0 1 0 0
1459476485 12 9 0 0 0 1 0 0 1 3 0 1 0 0
1459476506 13 9 0 0 0 1 0 0 1 3 0 1 0 0
1459477502 14 9 0 0 0 1 0 0 1 3 0 1 0 0
1459622310 15 9 0 0 0 1 0 0 1 3 0 1 0 0
1459622328 16 9 0 0 0 1 0 0 1 3 0 1 0 0
1459622346 17 9 0 0 0 1 0 0 1 3 0 1 0 0
1459622414 18 9 0 0 0 1 0 0 1 3 0 1 0 0
1459622450 19 9 0 0 0 1 0 0 1 3 0 1 0 0
1459622699 20 9 0 0 0 1 0 0 1 3 0 1 0 0
1459622718 21 9 0 0 0 1 0 0 1 3 0 1 0 0
1459623430 22 9 0 0 0 1 0 0 1 3 0 1 0 0
1459629114 23 9 0 0 0 1 0 0 1 3 0 1 0 0
1459629142 24 9 0 0 0 1 0 0 1 3 0 1 0 0
1459640447 25 9 0 0 0 1 0 0 1 3 0 1 0 0
1459641896 26 9 0 0 0 1 0 0 1 3 0 1 0 0
1459776317 27 9 0 0 0 1 0 0 1 3 0 1 0 0
1459783884 28 9 0 0 0 1 0 0 1 3 0 1 0 0
1459783913 29 9 0 0 0 1 0 0 1 3 0 1 0 0
1459788280 30 9 0 0 0 1 0 0 1 3 0 1 0 0
1459792130 31 9 0 0 0 1 0 0 1 3 0 1 0 0
1459792154 32 9 0 0 0 1 0 0 1 3 0 1 0 0
1459815519 33 9 0 0 0 1 0 0 1 3 0 1 0 0
1459815565 34 9 0 0 0 1 0 0 1 3 0 1 0 0
1459815578 35 9 0 0 0 1 0 0 1 3 0 1 0 0
1459815685 36 9 0 0 0 1 0 0 1 3 0 1 0 0
1459900178 37 9 0 0 0 1 0 0 1 3 0 1 0 0
1459900234 38 9 0 0 0 1 0 0 1 3 0 1 0 0
1459902269 39 9 0 0 0 1 0 0 1 3 0 1 0 0
1459987974 40 9 0 0 0 1 0 0 1 3 0 1 0 0
1459988015 41 9 0 0 0 1 0 0 1 3 0 1 0 0
1459988031 42 9 0 0 0 1 0 0 1 3 0 1 0 0
1459988046 43 9 0 0 0 1 0 0 1 3 0 1 0 0
1460052373 44 9 0 0 0 1 0 0 1 3 0 1 0 0
1460052392 45 9 0 0 0 1 0 0 1 3 0 1 0 0
1460052528 46 9 0 0 0 1 0 0 1 3 0 1 0 0
1460053660 47 9 0 0 0 1 0 0 1 3 0 1 0 0
1460053787 48 9 0 0 0 1 0 0 1 3 0 1 0 0
1460055082 49 9 0 0 0 1 0 0 1 3 0 1 0 0
1460055788 50 9 0 0 0 1 0 0 1 3 0 1 0 0
1460055803 51 9 0 0 0 1 0 0 1 3 0 1 0 0
1460057446 52 9 0 0 0 1 0 0 1 3 0 1 0 0
1460057616 53 9 0 0 0 1 0 0 1 3 0 1 0 0
1460121918 54 9 0 0 0 1 0 0 1 3 0 1 0 0
1460121943 55 9 0 0 0 1 0 0 1 3 0 1 0 0
1460486689 56 9 0 0 0 1 0 0 1 3 0 1 0 0
1460486716 57 9 0 0 0 1 0 0 1 3 0 1 0 0
1460486812 58 9 0 0 0 1 0 0 1 3 0 1 0 0
1460486827 59 9 0 0 0 1 0 0 1 3 0 1 0 0
1460557339 60 9 0 0 0 1 0 0 1 3 0 1 0 0
1460557347 61 9 0 0 0 1 0 0 1 3 0 1 0 0
1460557387 62 9 0 0 0 1 0 0 1 3 0 1 0 0
1460557997 63 9 0 0 0 1 0 0 1 3 0 1 0 0
1460558050 64 9 0 0 0 1 0 0 1 3 0 1 0 0
1460571742 65 9 0 0 0 1 0 0 1 3 0 1 0 0
1460572240 66 9 0 0 0 1 0 0 1 3 0 1 0 0
1460572562 67 9 0 0 0 1 0 0 1 3 0 1 0 0
1460572665 68 9 0 0 0 1 0 0 1 3 0 1 0 0
1460574319 69 9 0 0 0 1 0 0 1 3 0 1 0 0
1460574331 70 9 0 0 0 1 0 0 1 3 0 1 0 0
1460657230 70 9 0 0 0 1 1 0 1 3 0 1 0 0
1460664735 79 9 0 0 0 1 2 0 1 3 0 1 0 0
1460723900 80 9 0 0 0 1 2 0 1 3 0 1 0 0
1460729102 81 9 0 0 0 1 2 0 1 3 0 1 0 0
1460733144 82 9 0 0 0 1 2 0 1 3 0 1 0 0
1460733164 83 9 0 0 0 1 2 0 1 3 0 1 0 0
1460733174 84 9 0 0 0 1 2 0 1 3 0 1 0 0
1460733625 85 9 0 0 0 1 2 0 1 3 0 1 0 0
1460736136 85 9 0 0 0 1 3 0 1 3 0 1 0 0
1460736342 86 9 0 0 0 1 3 0 1 3 0 1 0 0
1460736360 87 9 0 0 0 1 3 0 1 3 0 1 0 0
1460736379 88 9 0 0 0 1 3 0 1 3 0 1 0 0
1460736392 89 9 0 0 0 1 3 0 1 3 0 1 0 0
1460739480 89 9 0 0 0 1 4 0 1 3 0 1 0 0
1460740682 89 9 0 0 0 1 5 0 1 3 0 1 0 0
1460741239 90 9 0 0 0 1 5 0 1 3 0 1 0 0
1460743497 90 9 0 0 0 1 6 0 1 3 0 1 0 0
1460743513 90 9 0 0 0 1 7 0 1 3 0 1 0 0
1460743614 91 9 0 0 0 1 7 0 1 3 0 1 0 0
1460988294 91 9 0 0 0 1 8 0 1 3 0 1 0 0
1460988680 91 9 0 0 0 1 9 0 1 3 0 1 0 0
1460989190 92 9 0 0 0 1 9 0 1 3 0 1 0 0
1460990882 93 9 0 0 0 1 9 0 1 3 0 1 0 0
1460990888 94 9 0 0 0 1 9 0 1 3 0 1 0 0
1460991812 95 9 0 0 0 1 9 0 1 3 0 1 0 0
1460991822 96 9 0 0 0 1 9 0 1 3 0 1 0 0
1460992851 97 9 0 0 0 1 9 0 1 3 0 1 0 0
1460993145 98 9 0 0 0 1 9 0 1 3 0 1 0 0
1460994155 98 9 0 0 0 1 9 0 1 3 0 1 0 1
1460994590 98 9 0 0 0 1 9 0 2 3 0 1 0 1
1460994761 99 9 0 0 0 1 9 0 2 3 0 1 0 1
1461011520 99 9 0 0 0 1 10 0 2 3 0 1 0 1
1461246830 99 9 0 0 0 1 11 0 2 3 0 1 0 1
1461247288 99 9 0 0 0 1 12 0 2 3 0 1 0 1
1461249712 99 9 0 0 0 1 13 0 2 3 0 1 0 1
1461250761 99 9 0 0 0 1 14 0 2 3 0 1 0 1
1461251671 100 9 0 0 0 1 14 0 2 3 0 1 0 1
1461251707 101 9 0 0 0 1 14 0 2 3 0 1 0 1
1461251724 102 9 0 0 0 1 14 0 2 3 0 1 0 1
1461253185 102 9 0 0 0 1 15 0 2 3 0 1 0 1
1461260939 102 9 0 0 0 1 15 0 3 3 0 1 0 1
1461272152 102 9 0 0 0 1 16 0 3 3 0 1 0 1
1461280875 103 9 0 0 0 1 16 0 3 3 0 1 0 1
1461281643 104 9 0 0 0 1 16 0 3 3 0 1 0 1
1461281916 105 9 0 0 0 1 16 0 3 3 0 1 0 1
1461285380 105 9 1 0 0 1 16 0 3 3 0 1 0 1
1461326508 105 9 1 0 0 1 16 0 4 3 0 1 0 1
1461330180 105 9 1 0 0 1 17 0 4 3 0 1 0 1
1461331587 105 9 1 0 0 1 18 0 4 3 0 1 0 1
1461331623 105 9 1 0 0 1 19 0 4 3 0 1 0 1
1461602367 105 9 1 0 0 1 19 0 5 3 0 1 0 1
1461611160 106 9 1 0 0 1 19 0 5 3 0 1 0 1
1461613524 107 9 1 0 0 1 19 0 5 3 0 1 0 1
1461613561 108 9 1 0 0 1 19 0 5 3 0 1 0 1
1461615036 109 9 1 0 0 1 19 0 5 3 0 1 0 1
1461678701 110 9 1 0 0 1 19 0 5 3 0 1 0 1
1461680359 111 9 1 0 0 1 19 0 5 3 0 1 0 1
1461680379 112 9 1 0 0 1 19 0 5 3 0 1 0 1
1461680399 113 9 1 0 0 1 19 0 5 3 0 1 0 1
1461680967 114 9 1 0 0 1 19 0 5 3 0 1 0 1
1461680985 115 9 1 0 0 1 19 0 5 3 0 1 0 1
1461681006 116 9 1 0 0 1 19 0 5 3 0 1 0 1
1461682089 117 9 1 0 0 1 19 0 5 3 0 1 0 1
1461685427 118 9 1 0 0 1 19 0 5 3 0 1 0 1
1461953258 118 9 2 0 0 1 19 0 5 3 0 1 0 1
1461953281 118 9 3 0 0 1 19 0 5 3 0 1 0 1
1461953315 118 9 4 0 0 1 19 0 5 3 0 1 0 1
1461954388 118 9 5 0 0 1 19 0 5 3 0 1 0 1
1461954557 118 9 6 0 0 1 19 0 5 3 0 1 0 1
1461954573 118 9 7 0 0 1 19 0 5 3 0 1 0 1
1461954633 118 9 8 0 0 1 19 0 5 3 0 1 0 1
1462190621 119 9 8 0 0 1 19 0 5 3 0 1 0 1
1462190668 120 9 8 0 0 1 19 0 5 3 0 1 0 1
1462201352 120 9 9 0 0 1 19 0 5 3 0 1 0 1
1462215935 120 9 9 0 0 1 20 0 5 3 0 1 0 1
1462216167 120 9 10 0 0 1 20 0 5 3 0 1 0 1
1462216220 120 9 11 0 0 1 20 0 5 3 0 1 0 1
1462216239 120 9 12 0 0 1 20 0 5 3 0 1 0 1
1462216247 120 9 13 0 0 1 20 0 5 3 0 1 0 1
1462216261 120 9 14 0 0 1 20 0 5 3 0 1 0 1
1462217145 120 9 15 0 0 1 20 0 5 3 0 1 0 1
1462217174 120 9 16 0 0 1 20 0 5 3 0 1 0 1
1462218819 120 9 16 0 0 1 21 0 5 3 0 1 0 1
1462221632 120 9 16 0 0 1 22 0 5 3 0 1 0 1
1462222168 120 9 16 0 0 1 23 0 5 3 0 1 0 1
1462222289 120 9 16 0 0 1 24 0 5 3 0 1 0 1
1462227351 120 9 17 0 0 1 24 0 5 3 0 1 0 1
1462227821 120 9 18 0 0 1 24 0 5 3 0 1 0 1
1462276536 121 9 18 0 0 1 24 0 5 3 0 1 0 1
1462277191 121 9 18 0 0 1 24 1 5 3 0 1 0 1
1462283083 121 9 19 0 0 1 24 1 5 3 0 1 0 1
1462283103 121 9 20 0 0 1 24 1 5 3 0 1 0 1
1462284152 121 9 21 0 0 1 24 1 5 3 0 1 0 1
1462284294 121 9 22 0 0 1 24 1 5 3 0 1 0 1
1462284481 121 9 23 0 0 1 24 1 5 3 0 1 0 1
1462295528 121 9 24 0 0 1 24 1 5 3 0 1 0 1
1462295708 121 9 25 0 0 1 24 1 5 3 0 1 0 1
1462298491 121 9 26 0 0 1 24 1 5 3 0 1 0 1
1462298507 121 9 27 0 0 1 24 1 5 3 0 1 0 1
1462298521 121 9 28 0 0 1 24 1 5 3 0 1 0 1
1462298829 121 9 29 0 0 1 24 1 5 3 0 1 0 1
1462298846 121 9 30 0 0 1 24 1 5 3 0 1 0 1
1462298968 122 9 30 0 0 1 24 1 5 3 0 1 0 1
1462299370 123 9 30 0 0 1 24 1 5 3 0 1 0 1
1462299497 123 9 31 0 0 1 24 1 5 3 0 1 0 1
1462299511 124 9 31 0 0 1 24 1 5 3 0 1 0 1
1462299531 125 9 31 0 0 1 24 1 5 3 0 1 0 1
1462299942 125 9 32 0 0 1 24 1 5 3 0 1 0 1
1462300793 125 9 33 0 0 1 24 1 5 3 0 1 0 1
1462302699 126 9 33 0 0 1 24 1 5 3 0 1 0 1
1462302823 127 9 33 0 0 1 24 1 5 3 0 1 0 1
1462302930 128 9 33 0 0 1 24 1 5 3 0 1 0 1
1462328326 128 9 34 0 0 1 24 1 5 3 0 1 0 1
1462328432 128 9 35 0 0 1 24 1 5 3 0 1 0 1
1462328457 128 9 36 0 0 1 24 1 5 3 0 1 0 1
1462328469 128 9 37 0 0 1 24 1 5 3 0 1 0 1
1462332008 128 9 38 0 0 1 24 1 5 3 0 1 0 1
1462367491 128 9 38 0 0 1 24 1 5 3 0 1 1 1
1462369308 129 9 38 0 0 1 24 1 5 3 0 1 1 1
1462369432 130 9 38 0 0 1 24 1 5 3 0 1 1 1
1462369451 131 9 38 0 0 1 24 1 5 3 0 1 1 1
1462371403 132 9 38 0 0 1 24 1 5 3 0 1 1 1
1462371433 133 9 38 0 0 1 24 1 5 3 0 1 1 1
1462371482 133 9 38 0 0 1 24 2 5 3 0 1 1 1
1462375658 134 9 38 0 0 1 24 2 5 3 0 1 1 1
1462375685 135 9 38 0 0 1 24 2 5 3 0 1 1 1
1462375700 136 9 38 0 0 1 24 2 5 3 0 1 1 1
1462378755 136 9 38 0 0 1 25 2 5 3 0 1 1 1
1462381389 137 9 38 0 0 1 25 2 5 3 0 1 1 1
1462381402 137 9 38 0 0 1 26 2 5 3 0 1 1 1
1462388027 138 9 38 0 0 1 26 2 5 3 0 1 1 1
1462389105 139 9 38 0 0 1 26 2 5 3 0 1 1 1
1462390890 139 9 39 0 0 1 26 2 5 3 0 1 1 1
1462390944 139 9 40 0 0 1 26 2 5 3 0 1 1 1
1462390969 139 9 41 0 0 1 26 2 5 3 0 1 1 1
1462391161 139 9 42 0 0 1 26 2 5 3 0 1 1 1
1462391188 139 9 43 0 0 1 26 2 5 3 0 1 1 1
1462391199 139 9 44 0 0 1 26 2 5 3 0 1 1 1
1462391213 139 9 45 0 0 1 26 2 5 3 0 1 1 1
1462391226 139 9 46 0 0 1 26 2 5 3 0 1 1 1
1462391249 139 9 47 0 0 1 26 2 5 3 0 1 1 1
1462407393 140 9 47 0 0 1 26 2 5 3 0 1 1 1
1462450112 141 9 47 0 0 1 26 2 5 3 0 1 1 1
1462450322 141 9 47 0 0 1 26 3 5 3 0 1 1 1
1462450390 141 9 47 0 0 1 26 4 5 3 0 1 1 1
1462450845 142 9 47 0 0 1 26 4 5 3 0 1 1 1
1462459884 142 9 48 0 0 1 26 4 5 3 0 1 1 1
1462459904 142 9 49 0 0 1 26 4 5 3 0 1 1 1
1462459920 142 9 50 0 0 1 26 4 5 3 0 1 1 1
1462459950 142 9 51 0 0 1 26 4 5 3 0 1 1 1
1462460304 142 9 52 0 0 1 26 4 5 3 0 1 1 1
1462461415 142 9 53 0 0 1 26 4 5 3 0 1 1 1
1462461549 142 9 54 0 0 1 26 4 5 3 0 1 1 1
1462463391 142 9 55 0 0 1 26 4 5 3 0 1 1 1
1462463478 142 9 56 0 0 1 26 4 5 3 0 1 1 1
1462473006 142 9 57 0 0 1 26 4 5 3 0 1 1 1
1462474090 142 9 58 0 0 1 26 4 5 3 0 1 1 1
1462475466 142 9 59 0 0 1 26 4 5 3 0 1 1 1
1462476624 142 9 60 0 0 1 26 4 5 3 0 1 1 1
1462476643 142 9 61 0 0 1 26 4 5 3 0 1 1 1
1462476979 142 9 62 0 0 1 26 4 5 3 0 1 1 1
1462477046 142 9 63 0 0 1 26 4 5 3 0 1 1 1
1462477264 142 9 64 0 0 1 26 4 5 3 0 1 1 1
1462479818 142 9 65 0 0 1 26 4 5 3 0 1 1 1
1462479901 142 9 66 0 0 1 26 4 5 3 0 1 1 1
1462480292 142 9 67 0 0 1 26 4 5 3 0 1 1 1
1462480425 142 9 68 0 0 1 26 4 5 3 0 1 1 1
1462480446 142 9 69 0 0 1 26 4 5 3 0 1 1 1
1462486334 142 9 70 0 0 1 26 4 5 3 0 1 1 1
1462537646 143 9 70 0 0 1 26 4 5 3 0 1 1 1
1462538084 144 9 70 0 0 1 26 4 5 3 0 1 1 1
1462538123 145 9 70 0 0 1 26 4 5 3 0 1 1 1
1462539746 145 9 70 0 0 1 26 5 5 3 0 1 1 1
1462545137 145 9 71 0 0 1 26 5 5 3 0 1 1 1
1462545237 145 9 72 0 0 1 26 5 5 3 0 1 1 1
1462547397 145 9 73 0 0 1 26 5 5 3 0 1 1 1
1462549360 145 9 74 0 0 1 26 5 5 3 0 1 1 1
1462638363 145 9 74 0 0 1 26 5 5 3 1 1 1 1
1462642800 145 9 74 0 0 1 27 5 5 3 1 1 1 1
1462906238 145 9 75 0 0 1 27 5 5 3 1 1 1 1
1463146441 145 9 75 0 0 1 28 5 5 3 1 1 1 1
1463160580 145 9 75 0 0 1 29 5 5 3 1 1 1 1
1463166717 145 9 76 0 0 1 29 5 5 3 1 1 1 1
1463363866 145 10 76 0 0 1 29 5 5 3 1 1 1 1
1463365040 145 11 76 0 0 1 29 5 5 3 1 1 1 1
1463365743 145 12 76 0 0 1 29 5 5 3 1 1 1 1
1463399912 145 12 76 0 0 1 29 6 5 3 1 1 1 1
1463406751 145 12 76 0 0 1 30 6 5 3 1 1 1 1
1463478867 145 13 76 0 0 1 30 6 5 3 1 1 1 1
1463485756 145 13 76 0 0 1 30 7 5 3 1 1 1 1
1463485765 145 13 76 0 0 1 30 8 5 3 1 1 1 1
1463486508 146 13 76 0 0 1 30 8 5 3 1 1 1 1
1463500397 146 13 77 0 0 1 30 8 5 3 1 1 1 1
1463500420 146 13 78 0 0 1 30 8 5 3 1 1 1 1
1463505048 146 13 79 0 0 1 30 8 5 3 1 1 1 1
1463511846 146 13 80 0 0 1 30 8 5 3 1 1 1 1
1463511895 146 13 81 0 0 1 30 8 5 3 1 1 1 1
1463511928 146 13 82 0 0 1 30 8 5 3 1 1 1 1
1463511974 146 13 83 0 0 1 30 8 5 3 1 1 1 1
1463512661 146 13 84 0 0 1 30 8 5 3 1 1 1 1
1463512746 146 13 85 0 0 1 30 8 5 3 1 1 1 1
1463512770 146 13 86 0 0 1 30 8 5 3 1 1 1 1
1463512787 146 13 87 0 0 1 30 8 5 3 1 1 1 1
1463513477 146 13 88 0 0 1 30 8 5 3 1 1 1 1
1463513825 146 13 89 0 0 1 30 8 5 3 1 1 1 1
1463514014 146 13 90 0 0 1 30 8 5 3 1 1 1 1
1463514550 146 13 91 0 0 1 30 8 5 3 1 1 1 1
1463514599 146 13 92 0 0 1 30 8 5 3 1 1 1 1
1463592771 146 13 93 0 0 1 30 8 5 3 1 1 1 1
1463592848 146 13 94 0 0 1 30 8 5 3 1 1 1 1
1463871936 146 13 95 0 0 1 30 8 5 3 1 1 1 1
1463872405 146 13 96 0 0 1 30 8 5 3 1 1 1 1
1463872739 146 13 97 0 0 1 30 8 5 3 1 1 1 1
1463958749 146 13 97 0 0 1 30 9 5 3 1 1 1 1
1463958763 146 13 97 0 0 1 30 10 5 3 1 1 1 1
1464895295 146 13 98 0 0 1 30 10 5 3 1 1 1 1
1464895309 146 13 99 0 0 1 30 10 5 3 1 1 1 1
1464896837 146 13 100 0 0 1 30 10 5 3 1 1 1 1
1464896862 146 13 101 0 0 1 30 10 5 3 1 1 1 1
1464896913 146 13 102 0 0 1 30 10 5 3 1 1 1 1
1464896965 146 13 103 0 0 1 30 10 5 3 1 1 1 1
1464897248 146 13 104 0 0 1 30 10 5 3 1 1 1 1
1464897274 146 13 105 0 0 1 30 10 5 3 1 1 1 1
1465636049 146 14 105 0 0 1 30 10 5 3 1 1 1 1
1465639437 146 15 105 0 0 1 30 10 5 3 1 1 1 1
1465641501 146 16 105 0 0 1 30 10 5 3 1 1 1 1
1465642739 146 17 105 0 0 1 30 10 5 3 1 1 1 1
1465644461 146 18 105 0 0 1 30 10 5 3 1 1 1 1
1465644504 146 19 105 0 0 1 30 10 5 3 1 1 1 1
1465674638 146 20 105 0 0 1 30 10 5 3 1 1 1 1
1465674671 146 21 105 0 0 1 30 10 5 3 1 1 1 1
1465682373 146 22 105 0 0 1 30 10 5 3 1 1 1 1
1465682403 146 23 105 0 0 1 30 10 5 3 1 1 1 1
1465731996 146 24 105 0 0 1 30 10 5 3 1 1 1 1
1465732031 146 25 105 0 0 1 30 10 5 3 1 1 1 1
1465732068 146 26 105 0 0 1 30 10 5 3 1 1 1 1
1465733088 146 27 105 0 0 1 30 10 5 3 1 1 1 1
1465733266 146 28 105 0 0 1 30 10 5 3 1 1 1 1
1465773155 146 29 105 0 0 1 30 10 5 3 1 1 1 1
1465773195 146 30 105 0 0 1 30 10 5 3 1 1 1 1
1465808486 146 31 105 0 0 1 30 10 5 3 1 1 1 1
1465809172 146 32 105 0 0 1 30 10 5 3 1 1 1 1
1465810338 146 33 105 0 0 1 30 10 5 3 1 1 1 1
1465819005 146 34 105 0 0 1 30 10 5 3 1 1 1 1
1465819015 146 35 105 0 0 1 30 10 5 3 1 1 1 1
1465854666 146 36 105 0 0 1 30 10 5 3 1 1 1 1
1465854685 146 37 105 0 0 1 30 10 5 3 1 1 1 1
1465895677 146 38 105 0 0 1 30 10 5 3 1 1 1 1
1465901891 146 39 105 0 0 1 30 10 5 3 1 1 1 1
1465903238 146 40 105 0 0 1 30 10 5 3 1 1 1 1
1465931392 146 41 105 0 0 1 30 10 5 3 1 1 1 1
1465931418 146 42 105 0 0 1 30 10 5 3 1 1 1 1
1465932108 146 43 105 0 0 1 30 10 5 3 1 1 1 1
1465983200 146 44 105 0 0 1 30 10 5 3 1 1 1 1
1465984252 146 45 105 0 0 1 30 10 5 3 1 1 1 1
1465986979 146 46 105 0 0 1 30 10 5 3 1 1 1 1
1465987281 146 47 105 0 0 1 30 10 5 3 1 1 1 1
1465987767 146 48 105 0 0 1 30 10 5 3 1 1 1 1
1465988419 146 49 105 0 0 1 30 10 5 3 1 1 1 1
1465988588 146 50 105 0 0 1 30 10 5 3 1 1 1 1
1465989351 146 51 105 0 0 1 30 10 5 3 1 1 1 1
1465989814 146 52 105 0 0 1 30 10 5 3 1 1 1 1
1465990028 146 53 105 0 0 1 30 10 5 3 1 1 1 1
1465992517 146 54 105 0 0 1 30 10 5 3 1 1 1 1
1465995433 146 55 105 0 0 1 30 10 5 3 1 1 1 1
1465995448 146 56 105 0 0 1 30 10 5 3 1 1 1 1
1466070484 146 57 105 0 0 1 30 10 5 3 1 1 1 1
1466071596 146 58 105 0 0 1 30 10 5 3 1 1 1 1
1466078484 146 59 105 0 0 1 30 10 5 3 1 1 1 1
1466078865 146 60 105 0 0 1 30 10 5 3 1 1 1 1
1466078892 146 61 105 0 0 1 30 10 5 3 1 1 1 1
1466239912 146 62 105 0 0 1 30 10 5 3 1 1 1 1
1466240228 146 63 105 0 0 1 30 10 5 3 1 1 1 1
1466248854 146 64 105 0 0 1 30 10 5 3 1 1 1 1
1466282574 146 65 105 0 0 1 30 10 5 3 1 1 1 1
1466325447 146 66 105 0 0 1 30 10 5 3 1 1 1 1
1466326229 146 67 105 0 0 1 30 10 5 3 1 1 1 1
1466327476 146 68 105 0 0 1 30 10 5 3 1 1 1 1
1466336012 146 69 105 0 0 1 30 10 5 3 1 1 1 1
1466336934 146 70 105 0 0 1 30 10 5 3 1 1 1 1
1466357043 146 71 105 0 0 1 30 10 5 3 1 1 1 1
1466365767 146 72 105 0 0 1 30 10 5 3 1 1 1 1
1466382883 146 73 105 0 0 1 30 10 5 3 1 1 1 1
1466411077 146 74 105 0 0 1 30 10 5 3 1 1 1 1
1466411924 146 75 105 0 0 1 30 10 5 3 1 1 1 1
1466412789 146 76 105 0 0 1 30 10 5 3 1 1 1 1
1466412901 146 77 105 0 0 1 30 10 5 3 1 1 1 1
1466413115 146 78 105 0 0 1 30 10 5 3 1 1 1 1
1466417371 146 79 105 0 0 1 30 10 5 3 1 1 1 1
1466420444 146 80 105 0 0 1 30 10 5 3 1 1 1 1
1466421163 146 81 105 0 0 1 30 10 5 3 1 1 1 1
1466422156 146 82 105 0 0 1 30 10 5 3 1 1 1 1
1466422627 146 83 105 0 0 1 30 10 5 3 1 1 1 1
1466423182 146 84 105 0 0 1 30 10 5 3 1 1 1 1
1466427542 146 85 105 0 0 1 30 10 5 3 1 1 1 1
1466500466 146 86 105 0 0 1 30 10 5 3 1 1 1 1
1466501420 146 87 105 0 0 1 30 10 5 3 1 1 1 1
1466502671 146 88 105 0 0 1 30 10 5 3 1 1 1 1
1466505731 146 89 105 0 0 1 30 10 5 3 1 1 1 1
1466506396 146 90 105 0 0 1 30 10 5 3 1 1 1 1
1466506995 146 91 105 0 0 1 30 10 5 3 1 1 1 1
1466525172 146 92 105 0 0 1 30 10 5 3 1 1 1 1
1466530771 146 93 105 0 0 1 30 10 5 3 1 1 1 1
1466532548 146 94 105 0 0 1 30 10 5 3 1 1 1 1
1466533432 146 95 105 0 0 1 30 10 5 3 1 1 1 1
1466534456 146 96 105 0 0 1 30 10 5 3 1 1 1 1
1466536832 146 97 105 0 0 1 30 10 5 3 1 1 1 1
1466537084 146 98 105 0 0 1 30 10 5 3 1 1 1 1
1466538346 146 99 105 0 0 1 30 10 5 3 1 1 1 1
1466538631 146 100 105 0 0 1 30 10 5 3 1 1 1 1
1466539011 146 101 105 0 0 1 30 10 5 3 1 1 1 1
1466540198 146 102 105 0 0 1 30 10 5 3 1 1 1 1
1466542096 146 103 105 0 0 1 30 10 5 3 1 1 1 1
1466542115 146 104 105 0 0 1 30 10 5 3 1 1 1 1
1466542472 146 105 105 0 0 1 30 10 5 3 1 1 1 1
1466551853 146 106 105 0 0 1 30 10 5 3 1 1 1 1
1466553131 146 107 105 0 0 1 30 10 5 3 1 1 1 1
1466553324 146 108 105 0 0 1 30 10 5 3 1 1 1 1
1466553604 146 109 105 0 0 1 30 10 5 3 1 1 1 1
1466553852 146 110 105 0 0 1 30 10 5 3 1 1 1 1
1466555336 146 111 105 0 0 1 30 10 5 3 1 1 1 1
1466577188 146 112 105 0 0 1 30 10 5 3 1 1 1 1
1466578745 146 113 105 0 0 1 30 10 5 3 1 1 1 1
1466581840 146 114 105 0 0 1 30 10 5 3 1 1 1 1
1466589550 146 115 105 0 0 1 30 10 5 3 1 1 1 1
1466593603 146 116 105 0 0 1 30 10 5 3 1 1 1 1
1466593631 146 117 105 0 0 1 30 10 5 3 1 1 1 1
1466596333 146 118 105 0 0 1 30 10 5 3 1 1 1 1
1466598123 146 119 105 0 0 1 30 10 5 3 1 1 1 1
1466601153 146 120 105 0 0 1 30 10 5 3 1 1 1 1
1466603220 146 121 105 0 0 1 30 10 5 3 1 1 1 1
1466604556 146 122 105 0 0 1 30 10 5 3 1 1 1 1
1466620122 146 123 105 0 0 1 30 10 5 3 1 1 1 1
1466779772 147 123 105 0 0 1 30 10 5 3 1 1 1 1
1466779839 148 123 105 0 0 1 30 10 5 3 1 1 1 1
1466780037 149 123 105 0 0 1 30 10 5 3 1 1 1 1
1466780058 150 123 105 0 0 1 30 10 5 3 1 1 1 1
1466780538 151 123 105 0 0 1 30 10 5 3 1 1 1 1
1466957558 151 124 105 0 0 1 30 10 5 3 1 1 1 1
1467015511 151 125 105 0 0 1 30 10 5 3 1 1 1 1
1467019557 151 126 105 0 0 1 30 10 5 3 1 1 1 1
1467021217 151 127 105 0 0 1 30 10 5 3 1 1 1 1
1467021238 151 128 105 0 0 1 30 10 5 3 1 1 1 1
1467021945 151 129 105 0 0 1 30 10 5 3 1 1 1 1
1467026879 151 130 105 0 0 1 30 10 5 3 1 1 1 1
1467028696 151 131 105 0 0 1 30 10 5 3 1 1 1 1
1467043066 151 131 105 0 0 2 30 10 5 3 1 1 1 1
1467043111 151 132 105 0 0 2 30 10 5 3 1 1 1 1
1467043161 151 133 105 0 0 2 30 10 5 3 1 1 1 1
1467107821 151 134 105 0 0 2 30 10 5 3 1 1 1 1
1467109629 151 135 105 0 0 2 30 10 5 3 1 1 1 1
1467109887 151 136 105 0 0 2 30 10 5 3 1 1 1 1
1467110167 151 137 105 0 0 2 30 10 5 3 1 1 1 1
1467119524 151 138 105 0 0 2 30 10 5 3 1 1 1 1
1467119541 151 139 105 0 0 2 30 10 5 3 1 1 1 1
1467119992 151 140 105 0 0 2 30 10 5 3 1 1 1 1
1467196869 151 141 105 0 0 2 30 10 5 3 1 1 1 1
1467197683 151 142 105 0 0 2 30 10 5 3 1 1 1 1
1467198987 151 143 105 0 0 2 30 10 5 3 1 1 1 1
1467204697 151 144 105 0 0 2 30 10 5 3 1 1 1 1
1467213895 152 144 105 0 0 2 30 10 5 3 1 1 1 1
1467213911 153 144 105 0 0 2 30 10 5 3 1 1 1 1
1467213939 154 144 105 0 0 2 30 10 5 3 1 1 1 1
1467215653 154 145 105 0 0 2 30 10 5 3 1 1 1 1
1467215670 154 146 105 0 0 2 30 10 5 3 1 1 1 1
1467226622 154 147 105 0 0 2 30 10 5 3 1 1 1 1
1467237187 154 148 105 0 0 2 30 10 5 3 1 1 1 1
1467238414 154 149 105 0 0 2 30 10 5 3 1 1 1 1
1467238478 154 150 105 0 0 2 30 10 5 3 1 1 1 1
1467238610 154 150 105 0 0 3 30 10 5 3 1 1 1 1
1467240252 154 151 105 0 0 3 30 10 5 3 1 1 1 1
1467241950 154 151 105 0 0 4 30 10 5 3 1 1 1 1
1467242073 154 151 105 0 0 5 30 10 5 3 1 1 1 1
1467295931 154 152 105 0 0 5 30 10 5 3 1 1 1 1
1467298989 155 152 105 0 0 5 30 10 5 3 1 1 1 1
1467305797 156 152 105 0 0 5 30 10 5 3 1 1 1 1
1467305819 157 152 105 0 0 5 30 10 5 3 1 1 1 1
1467305859 158 152 105 0 0 5 30 10 5 3 1 1 1 1
1467378940 158 152 105 0 1 5 30 10 5 3 1 1 1 1
1467400989 159 152 105 0 1 5 30 10 5 3 1 1 1 1
1467832373 159 153 105 0 1 5 30 10 5 3 1 1 1 1
1467880257 159 153 105 0 1 6 30 10 5 3 1 1 1 1
1467920106 160 153 105 0 1 6 30 10 5 3 1 1 1 1
1467920123 161 153 105 0 1 6 30 10 5 3 1 1 1 1
1467920136 162 153 105 0 1 6 30 10 5 3 1 1 1 1
1467920530 163 153 105 0 1 6 30 10 5 3 1 1 1 1
1467942883 163 154 105 0 1 6 30 10 5 3 1 1 1 1
1467960819 163 155 105 0 1 6 30 10 5 3 1 1 1 1
1467961391 163 156 105 0 1 6 30 10 5 3 1 1 1 1
1467961444 163 157 105 0 1 6 30 10 5 3 1 1 1 1
1467963820 163 158 105 0 1 6 30 10 5 3 1 1 1 1
1467963884 163 159 105 0 1 6 30 10 5 3 1 1 1 1
1467963922 163 160 105 0 1 6 30 10 5 3 1 1 1 1
1467966311 163 161 105 0 1 6 30 10 5 3 1 1 1 1
1467976443 163 162 105 0 1 6 30 10 5 3 1 1 1 1
1467980786 164 162 105 0 1 6 30 10 5 3 1 1 1 1
1467980826 165 162 105 0 1 6 30 10 5 3 1 1 1 1
1467984245 165 163 105 0 1 6 30 10 5 3 1 1 1 1
1467990233 165 163 105 0 1 7 30 10 5 3 1 1 1 1
1467990315 165 163 105 0 1 8 30 10 5 3 1 1 1 1
1467990511 166 163 105 0 1 8 30 10 5 3 1 1 1 1
1467990746 167 163 105 0 1 8 30 10 5 3 1 1 1 1
1467990783 168 163 105 0 1 8 30 10 5 3 1 1 1 1
1467990795 169 163 105 0 1 8 30 10 5 3 1 1 1 1
1467991184 169 163 105 0 2 8 30 10 5 3 1 1 1 1
1468422646 170 163 105 0 2 8 30 10 5 3 1 1 1 1
1468432852 170 164 105 0 2 8 30 10 5 3 1 1 1 1
1468436677 170 165 105 0 2 8 30 10 5 3 1 1 1 1
1468593709 170 165 105 0 2 9 30 10 5 3 1 1 1 1
1468619104 170 166 105 0 2 9 30 10 5 3 1 1 1 1
1468619126 170 167 105 0 2 9 30 10 5 3 1 1 1 1
1468666116 170 168 105 0 2 9 30 10 5 3 1 1 1 1
1468666761 170 169 105 0 2 9 30 10 5 3 1 1 1 1
1468667133 170 169 105 0 2 10 30 10 5 3 1 1 1 1
1468667210 170 170 105 0 2 10 30 10 5 3 1 1 1 1
1468670271 170 171 105 0 2 10 30 10 5 3 1 1 1 1
1468670893 170 172 105 0 2 10 30 10 5 3 1 1 1 1
1468671224 170 172 105 0 2 11 30 10 5 3 1 1 1 1
1468704802 171 172 105 0 2 11 30 10 5 3 1 1 1 1
1468704853 172 172 105 0 2 11 30 10 5 3 1 1 1 1
1468704895 173 172 105 0 2 11 30 10 5 3 1 1 1 1
1468717416 173 173 105 0 2 11 30 10 5 3 1 1 1 1
1468749855 173 174 105 0 2 11 30 10 5 3 1 1 1 1
1468762655 173 175 105 0 2 11 30 10 5 3 1 1 1 1
1468763074 173 175 105 0 2 12 30 10 5 3 1 1 1 1
1468763177 173 176 105 0 2 12 30 10 5 3 1 1 1 1
1468775521 174 176 105 0 2 12 30 10 5 3 1 1 1 1
1468863972 174 176 105 0 2 12 31 10 5 3 1 1 1 1
1468871842 174 176 105 0 2 12 32 10 5 3 1 1 1 1
1468931328 174 176 105 0 2 13 32 10 5 3 1 1 1 1
1469025460 174 176 105 0 3 13 32 10 5 3 1 1 1 1
1469025484 174 176 105 0 4 13 32 10 5 3 1 1 1 1
1469026716 175 176 105 0 4 13 32 10 5 3 1 1 1 1
1469099399 175 176 105 0 4 14 32 10 5 3 1 1 1 1
1469101402 175 177 105 0 4 14 32 10 5 3 1 1 1 1
1469105016 175 178 105 0 4 14 32 10 5 3 1 1 1 1
1469106975 175 179 105 0 4 14 32 10 5 3 1 1 1 1
1469108410 175 180 105 0 4 14 32 10 5 3 1 1 1 1
1469110706 175 181 105 0 4 14 32 10 5 3 1 1 1 1
1469112658 175 182 105 0 4 14 32 10 5 3 1 1 1 1
1469113662 175 183 105 0 4 14 32 10 5 3 1 1 1 1
1469115288 175 184 105 0 4 14 32 10 5 3 1 1 1 1
1469116109 175 185 105 0 4 14 32 10 5 3 1 1 1 1
1469117024 175 186 105 0 4 14 32 10 5 3 1 1 1 1
1469117115 175 186 105 0 4 15 32 10 5 3 1 1 1 1
1469117811 175 187 105 0 4 15 32 10 5 3 1 1 1 1
1469503446 175 187 105 1 4 15 32 10 5 3 1 1 1 1
1469542017 176 187 105 1 4 15 32 10 5 3 1 1 1 1
1469542039 177 187 105 1 4 15 32 10 5 3 1 1 1 1
1469548165 177 187 105 1 5 15 32 10 5 3 1 1 1 1
1469548173 177 187 105 1 6 15 32 10 5 3 1 1 1 1
1469548488 178 187 105 1 6 15 32 10 5 3 1 1 1 1
1470410052 178 187 105 1 6 15 33 10 5 3 1 1 1 1
1470667445 178 187 105 1 6 15 34 10 5 3 1 1 1 1
1470668788 178 187 105 1 7 15 34 10 5 3 1 1 1 1
1470756917 179 187 105 1 7 15 34 10 5 3 1 1 1 1
1470757478 180 187 105 1 7 15 34 10 5 3 1 1 1 1
1470757528 181 187 105 1 7 15 34 10 5 3 1 1 1 1
1470766699 182 187 105 1 7 15 34 10 5 3 1 1 1 1
1470771904 182 187 105 1 8 15 34 10 5 3 1 1 1 1
1470880640 182 188 105 1 8 15 34 10 5 3 1 1 1 1
1470881097 182 189 105 1 8 15 34 10 5 3 1 1 1 1
1470881766 182 189 105 1 8 16 34 10 5 3 1 1 1 1
1470881780 182 189 105 1 8 17 34 10 5 3 1 1 1 1
1470882154 182 190 105 1 8 17 34 10 5 3 1 1 1 1
1470914205 182 191 105 1 8 17 34 10 5 3 1 1 1 1
1470915512 182 191 105 1 8 18 34 10 5 3 1 1 1 1
1470915645 182 192 105 1 8 18 34 10 5 3 1 1 1 1
1470915683 182 193 105 1 8 18 34 10 5 3 1 1 1 1
1470999994 182 194 105 1 8 18 34 10 5 3 1 1 1 1
1471001065 182 194 105 1 8 19 34 10 5 3 1 1 1 1
1471793424 182 195 105 1 8 19 34 10 5 3 1 1 1 1
1471793991 182 196 105 1 8 19 34 10 5 3 1 1 1 1
1471796410 182 196 105 1 8 20 34 10 5 3 1 1 1 1
1471796461 182 197 105 1 8 20 34 10 5 3 1 1 1 1
1471812664 182 198 105 1 8 20 34 10 5 3 1 1 1 1
1471813595 182 198 105 1 8 21 34 10 5 3 1 1 1 1
1471813838 182 199 105 1 8 21 34 10 5 3 1 1 1 1
1471853112 182 200 105 1 8 21 34 10 5 3 1 1 1 1
1471854751 182 201 105 1 8 21 34 10 5 3 1 1 1 1
1471869204 182 201 105 2 8 21 34 10 5 3 1 1 1 1
1472010561 182 202 105 2 8 21 34 10 5 3 1 1 1 1
1472010679 182 203 105 2 8 21 34 10 5 3 1 1 1 1
1472232330 183 203 105 2 8 21 34 10 5 3 1 1 1 1
1472232353 184 203 105 2 8 21 34 10 5 3 1 1 1 1
1472235820 185 203 105 2 8 21 34 10 5 3 1 1 1 1
1472473388 186 203 105 2 8 21 34 10 5 3 1 1 1 1
1472473419 187 203 105 2 8 21 34 10 5 3 1 1 1 1
1472474320 187 203 105 2 9 21 34 10 5 3 1 1 1 1
1472474493 188 203 105 2 9 21 34 10 5 3 1 1 1 1
1472476077 189 203 105 2 9 21 34 10 5 3 1 1 1 1
1472482350 190 203 105 2 9 21 34 10 5 3 1 1 1 1
1472482370 191 203 105 2 9 21 34 10 5 3 1 1 1 1
1472484004 192 203 105 2 9 21 34 10 5 3 1 1 1 1
1472484017 193 203 105 2 9 21 34 10 5 3 1 1 1 1
1472484331 194 203 105 2 9 21 34 10 5 3 1 1 1 1
1472490430 195 203 105 2 9 21 34 10 5 3 1 1 1 1
1472490573 196 203 105 2 9 21 34 10 5 3 1 1 1 1
1472490720 197 203 105 2 9 21 34 10 5 3 1 1 1 1
1472497231 197 203 115 2 10 21 34 10 5 3 1 1 1 1
1472569039 197 203 116 2 10 21 34 10 5 3 1 1 1 1
1472572335 198 203 116 2 10 21 34 10 5 3 1 1 1 1
1472572355 199 203 116 2 10 21 34 10 5 3 1 1 1 1
1472572385 200 203 116 2 10 21 34 10 5 3 1 1 1 1
1472578475 200 203 117 2 10 21 34 10 5 3 1 1 1 1
1472646351 200 203 117 3 10 21 34 10 5 3 1 1 1 1
1472649644 200 203 117 3 11 21 34 10 5 3 1 1 1 1
1472651759 200 203 117 4 11 21 34 10 5 3 1 1 1 1
1472656227 200 203 117 4 12 21 34 10 5 3 1 1 1 1
1472656245 200 203 117 4 13 21 34 10 5 3 1 1 1 1
1472663666 200 203 117 5 13 21 34 10 5 3 1 1 1 1
1472670042 200 203 117 6 13 21 34 10 5 3 1 1 1 1
1472670252 200 203 117 7 13 21 34 10 5 3 1 1 1 1
1472743449 200 203 117 8 13 21 34 10 5 3 1 1 1 1
1472752982 201 203 117 8 13 21 34 10 5 3 1 1 1 1
1472816201 201 203 117 9 13 21 34 10 5 3 1 1 1 1
1472816343 201 203 117 10 13 21 34 10 5 3 1 1 1 1
1472816401 201 203 117 11 13 21 34 10 5 3 1 1 1 1
1472899626 201 204 117 11 13 21 34 10 5 3 1 1 1 1
1472900284 201 205 117 11 13 21 34 10 5 3 1 1 1 1
1472900303 201 206 117 11 13 21 34 10 5 3 1 1 1 1
1472900771 201 207 117 11 13 21 34 10 5 3 1 1 1 1
1472901195 201 207 117 11 13 22 34 10 5 3 1 1 1 1
1472901243 201 208 117 11 13 22 34 10 5 3 1 1 1 1
1472995103 201 208 117 12 13 22 34 10 5 3 1 1 1 1
1473132358 201 208 117 13 13 22 34 10 5 3 1 1 1 1
1473132429 201 208 117 14 13 22 34 10 5 3 1 1 1 1
1473132967 201 208 117 15 13 22 34 10 5 3 1 1 1 1
1473171540 201 208 117 15 14 22 34 10 5 3 1 1 1 1
1473172194 202 208 117 15 14 22 34 10 5 3 1 1 1 1
1473177113 202 208 117 16 14 22 34 10 5 3 1 1 1 1
1473253319 202 208 118 16 14 22 34 10 5 3 1 1 1 1
1473254338 202 208 118 17 14 22 34 10 5 3 1 1 1 1
1473259363 202 208 119 17 14 22 34 10 5 3 1 1 1 1
1473259770 202 208 120 17 14 22 34 10 5 3 1 1 1 1
1473277533 202 208 121 17 14 22 34 10 5 3 1 1 1 1
1473277559 202 208 122 17 14 22 34 10 5 3 1 1 1 1
1473343511 202 208 123 22 14 22 34 10 5 3 1 1 1 1
1473348302 202 208 123 23 14 22 34 10 5 3 1 1 1 1
1473348342 202 208 123 24 14 22 34 10 5 3 1 1 1 1
1473349018 202 208 124 24 14 22 34 10 5 3 1 1 1 1
1473350157 202 208 124 25 14 22 34 10 5 3 1 1 1 1
1473683796 202 208 124 25 15 22 34 10 5 3 1 1 1 1
1473690996 202 209 124 25 15 22 34 10 5 3 1 1 1 1
1473859767 203 209 124 25 15 22 34 10 5 3 1 1 1 1
1473860766 204 209 124 25 15 22 34 10 5 3 1 1 1 1
1473860786 205 209 124 25 15 22 34 10 5 3 1 1 1 1
1473876579 206 209 124 25 15 22 34 10 5 3 1 1 1 1
1474200663 206 210 124 25 15 22 34 10 5 3 1 1 1 1
1474203778 206 211 124 25 15 22 34 10 5 3 1 1 1 1
1474203799 206 212 124 25 15 22 34 10 5 3 1 1 1 1
1474205123 206 213 124 25 15 22 34 10 5 3 1 1 1 1
1474207806 206 214 124 25 15 22 34 10 5 3 1 1 1 1
1474208857 206 215 124 25 15 22 34 10 5 3 1 1 1 1
1474210969 206 216 124 25 15 22 34 10 5 3 1 1 1 1
1474216362 206 217 124 25 15 22 34 10 5 3 1 1 1 1
1474216813 206 217 124 25 15 23 34 10 5 3 1 1 1 1
1474217260 206 218 124 25 15 23 34 10 5 3 1 1 1 1
1474309534 206 218 124 25 15 23 35 10 5 3 1 1 1 1
1474557895 206 218 124 26 15 23 35 10 5 3 1 1 1 1
1474558926 206 218 124 27 15 23 35 10 5 3 1 1 1 1
1474567251 206 218 124 28 15 23 35 10 5 3 1 1 1 1
1474568085 206 218 124 29 15 23 35 10 5 3 1 1 1 1
1474568790 206 218 124 30 15 23 35 10 5 3 1 1 1 1
1474613411 206 219 124 30 15 23 35 10 5 3 1 1 1 1
1474640699 206 219 124 31 15 23 35 10 5 3 1 1 1 1
1474641183 206 219 124 32 15 23 35 10 5 3 1 1 1 1
1474641389 206 219 124 33 15 23 35 10 5 3 1 1 1 1
1474642478 206 219 124 34 15 23 35 10 5 3 1 1 1 1
1474643188 206 219 124 34 16 23 35 10 5 3 1 1 1 1
1474643541 207 219 124 34 16 23 35 10 5 3 1 1 1 1
1474646730 207 219 124 35 16 23 35 10 5 3 1 1 1 1
1474647044 207 219 124 36 16 23 35 10 5 3 1 1 1 1
1474648234 207 219 124 37 16 23 35 10 5 3 1 1 1 1
1474650445 207 219 124 38 16 23 35 10 5 3 1 1 1 1
1474651009 207 219 124 39 16 23 35 10 5 3 1 1 1 1
1474651133 207 219 124 40 16 23 35 10 5 3 1 1 1 1
1474652763 207 219 124 41 16 23 35 10 5 3 1 1 1 1
1474653431 207 219 124 42 16 23 35 10 5 3 1 1 1 1
1474653485 207 219 124 43 16 23 35 10 5 3 1 1 1 1
1474653970 207 219 124 43 17 23 35 10 5 3 1 1 1 1
1474654083 208 219 124 43 17 23 35 10 5 3 1 1 1 1
1474661594 208 219 124 44 17 23 35 10 5 3 1 1 1 1
1474661856 208 219 124 45 17 23 35 10 5 3 1 1 1 1
1474668035 208 219 124 45 18 23 35 10 5 3 1 1 1 1
1474668197 209 219 124 45 18 23 35 10 5 3 1 1 1 1
1474683562 209 220 124 45 18 23 35 10 5 3 1 1 1 1
1474684304 209 221 124 45 18 23 35 10 5 3 1 1 1 1
1474684575 209 222 124 45 18 23 35 10 5 3 1 1 1 1
1474685007 209 223 124 45 18 23 35 10 5 3 1 1 1 1
1474685182 209 224 124 45 18 23 35 10 5 3 1 1 1 1
1474686367 209 224 124 45 18 24 35 10 5 3 1 1 1 1
1474826051 209 224 124 46 18 24 35 10 5 3 1 1 1 1
1474828517 209 224 124 47 18 24 35 10 5 3 1 1 1 1
1474828785 209 224 124 48 18 24 35 10 5 3 1 1 1 1
1474829400 209 224 124 49 18 24 35 10 5 3 1 1 1 1
1474891163 209 224 124 50 18 24 35 10 5 3 1 1 1 1
1474892037 209 224 124 51 18 24 35 10 5 3 1 1 1 1
1474892568 209 224 124 52 18 24 35 10 5 3 1 1 1 1
1474895652 209 224 124 53 18 24 35 10 5 3 1 1 1 1
1474895807 209 224 124 54 18 24 35 10 5 3 1 1 1 1
1474898819 209 224 124 55 18 24 35 10 5 3 1 1 1 1
1474899131 209 224 124 56 18 24 35 10 5 3 1 1 1 1
1474925012 209 224 124 57 18 24 35 10 5 3 1 1 1 1
1474925614 209 224 124 58 18 24 35 10 5 3 1 1 1 1
1474926175 209 224 124 59 18 24 35 10 5 3 1 1 1 1
1474977499 209 224 124 60 18 24 35 10 5 3 1 1 1 1
1474977985 209 224 124 61 18 24 35 10 5 3 1 1 1 1
1474978159 209 224 124 62 18 24 35 10 5 3 1 1 1 1
1474979212 209 224 124 62 19 24 35 10 5 3 1 1 1 1
1474979502 210 224 124 62 19 24 35 10 5 3 1 1 1 1
1474988918 211 224 124 62 19 24 35 10 5 3 1 1 1 1
1474989822 211 224 124 63 19 24 35 10 5 3 1 1 1 1
1474989899 211 224 124 64 19 24 35 10 5 3 1 1 1 1
1475084539 212 224 124 64 19 24 35 10 5 3 1 1 1 1
1475084567 213 224 124 64 19 24 35 10 5 3 1 1 1 1
1475084579 214 224 124 64 19 24 35 10 5 3 1 1 1 1
1475085284 215 224 124 64 19 24 35 10 5 3 1 1 1 1
1475153311 216 224 124 64 19 24 35 10 5 3 1 1 1 1
1475153343 217 224 124 64 19 24 35 10 5 3 1 1 1 1
1475154573 217 224 124 64 20 24 35 10 5 3 1 1 1 1
1475154596 217 224 124 64 21 24 35 10 5 3 1 1 1 1
1475155004 217 224 124 64 22 24 35 10 5 3 1 1 1 1
1475155093 217 224 124 64 23 24 35 10 5 3 1 1 1 1
1475169256 217 224 124 65 23 24 35 10 5 3 1 1 1 1
1475169574 217 224 124 66 23 24 35 10 5 3 1 1 1 1
1475408535 217 224 124 67 23 24 35 10 5 3 1 1 1 1
1475415985 217 224 124 68 23 24 35 10 5 3 1 1 1 1
1475445856 217 224 124 69 23 24 35 10 5 3 1 1 1 1
1475446599 217 224 124 70 23 24 35 10 5 3 1 1 1 1
1475446978 217 224 124 71 23 24 35 10 5 3 1 1 1 1
1475447980 217 224 124 72 23 24 35 10 5 3 1 1 1 1
1475448695 217 224 124 73 23 24 35 10 5 3 1 1 1 1
1475455349 217 224 124 74 23 24 35 10 5 3 1 1 1 1
1475456780 217 224 124 75 23 24 35 10 5 3 1 1 1 1
1475457498 217 224 124 76 23 24 35 10 5 3 1 1 1 1
1475495390 217 224 124 76 24 24 35 10 5 3 1 1 1 1
1475496311 217 224 124 77 24 24 35 10 5 3 1 1 1 1
1475502288 217 224 124 77 25 24 35 10 5 3 1 1 1 1
1475586366 218 224 124 77 25 24 35 10 5 3 1 1 1 1
1475586377 219 224 124 77 25 24 35 10 5 3 1 1 1 1
1475588764 219 224 124 77 26 24 35 10 5 3 1 1 1 1
1475600719 219 224 124 78 26 24 35 10 5 3 1 1 1 1
1475671472 219 224 124 78 27 24 35 10 5 3 1 1 1 1
1475671541 219 224 124 78 28 24 35 10 5 3 1 1 1 1
1475681283 220 224 124 78 28 24 35 10 5 3 1 1 1 1
1475681302 221 224 124 78 28 24 35 10 5 3 1 1 1 1
1475686975 222 224 124 78 28 24 35 10 5 3 1 1 1 1
1475686989 223 224 124 78 28 24 35 10 5 3 1 1 1 1
1475699124 223 224 124 79 28 24 35 10 5 3 1 1 1 1
1475699177 223 224 124 80 28 24 35 10 5 3 1 1 1 1
1475758526 223 224 125 80 28 24 35 10 5 3 1 1 1 1
1475762760 224 224 125 80 28 24 35 10 5 3 1 1 1 1
1475762862 225 224 125 80 28 24 35 10 5 3 1 1 1 1
1475762878 226 224 125 80 28 24 35 10 5 3 1 1 1 1
1475762967 226 224 125 80 29 24 35 10 5 3 1 1 1 1
1475763186 226 224 125 80 30 24 35 10 5 3 1 1 1 1
1475763804 226 224 125 80 31 24 35 10 5 3 1 1 1 1
1475763901 226 224 125 80 32 24 35 10 5 3 1 1 1 1
1475767009 227 224 125 80 32 24 35 10 5 3 1 1 1 1
1475767025 228 224 125 80 32 24 35 10 5 3 1 1 1 1
1475773731 228 224 125 80 33 24 35 10 5 3 1 1 1 1
1475773768 228 224 125 80 34 24 35 10 5 3 1 1 1 1
1475778759 228 224 126 80 34 24 35 10 5 3 1 1 1 1
1475793179 229 224 126 80 34 24 35 10 5 3 1 1 1 1
1475866765 230 224 126 80 34 24 35 10 5 3 1 1 1 1
1476015800 230 224 126 81 34 24 35 10 5 3 1 1 1 1
1476015859 230 224 126 82 34 24 35 10 5 3 1 1 1 1
1476017857 230 224 126 83 34 24 35 10 5 3 1 1 1 1
1476130989 230 224 126 84 34 24 35 10 5 3 1 1 1 1
1476188282 230 224 126 85 34 24 35 10 5 3 1 1 1 1
1476188339 230 224 126 86 34 24 35 10 5 3 1 1 1 1
1476189825 230 224 126 86 35 24 35 10 5 3 1 1 1 1
1476191533 231 224 126 86 35 24 35 10 5 3 1 1 1 1
1476191548 232 224 126 86 35 24 35 10 5 3 1 1 1 1
1476194178 232 224 126 87 35 24 35 10 5 3 1 1 1 1
1476194211 232 224 126 88 35 24 35 10 5 3 1 1 1 1
1476194248 232 224 126 89 35 24 35 10 5 3 1 1 1 1
1476194278 232 224 126 90 35 24 35 10 5 3 1 1 1 1
1476194288 232 224 126 91 35 24 35 10 5 3 1 1 1 1
1476200056 233 224 126 91 35 24 35 10 5 3 1 1 1 1
1476200065 234 224 126 91 35 24 35 10 5 3 1 1 1 1
1476204643 234 225 126 91 35 24 35 10 5 3 1 1 1 1
1476205044 234 225 126 91 35 25 35 10 5 3 1 1 1 1
1476208476 234 226 126 91 35 25 35 10 5 3 1 1 1 1
1476208861 234 226 126 91 35 26 35 10 5 3 1 1 1 1
1476208959 234 227 126 91 35 26 35 10 5 3 1 1 1 1
1476209503 234 228 126 91 35 26 35 10 5 3 1 1 1 1
1476210210 234 229 126 91 35 26 35 10 5 3 1 1 1 1
1476213312 234 230 126 91 35 26 35 10 5 3 1 1 1 1
1476213383 234 231 126 91 35 26 35 10 5 3 1 1 1 1
1476213411 234 232 126 91 35 26 35 10 5 3 1 1 1 1
1476220959 234 233 126 91 35 26 35 10 5 3 1 1 1 1
1476221017 234 234 126 91 35 26 35 10 5 3 1 1 1 1
1476221630 234 235 126 91 35 26 35 10 5 3 1 1 1 1
1476367717 234 235 126 92 35 26 35 10 5 3 1 1 1 1
1476368104 234 235 126 93 35 26 35 10 5 3 1 1 1 1
1476368528 234 235 126 94 35 26 35 10 5 3 1 1 1 1
1476368577 234 235 126 95 35 26 35 10 5 3 1 1 1 1
1476369935 234 235 126 96 35 26 35 10 5 3 1 1 1 1
1476370181 234 235 126 96 36 26 35 10 5 3 1 1 1 1
1476396518 234 235 126 97 36 26 35 10 5 3 1 1 1 1
1476396544 234 235 126 98 36 26 35 10 5 3 1 1 1 1
1476398805 234 235 126 99 36 26 35 10 5 3 1 1 1 1
1476455075 234 236 126 99 36 26 35 10 5 3 1 1 1 1
1476456065 234 237 126 99 36 26 35 10 5 3 1 1 1 1
1476456889 234 238 126 99 36 26 35 10 5 3 1 1 1 1
1476456956 234 238 126 99 36 27 35 10 5 3 1 1 1 1
1476457811 234 238 126 99 36 28 35 10 5 3 1 1 1 1
1476457859 234 239 126 99 36 28 35 10 5 3 1 1 1 1
1476459841 234 240 126 99 36 28 35 10 5 3 1 1 1 1
1476460146 234 241 126 99 36 28 35 10 5 3 1 1 1 1
1476460172 234 242 126 99 36 28 35 10 5 3 1 1 1 1
1476460400 234 242 126 104 36 29 35 10 5 3 1 1 1 1
1476469766 235 242 126 104 36 29 35 10 5 3 1 1 1 1
1476553772 235 242 126 105 36 29 35 10 5 3 1 1 1 1
1476553813 235 243 126 105 36 29 35 10 5 3 1 1 1 1
1476556056 235 243 126 106 36 29 35 10 5 3 1 1 1 1
1476556739 235 243 126 107 36 29 35 10 5 3 1 1 1 1
1476557044 235 243 126 108 36 29 35 10 5 3 1 1 1 1
1476559741 235 243 126 109 36 29 35 10 5 3 1 1 1 1
1476612422 235 244 126 109 36 29 35 10 5 3 1 1 1 1
1476612473 235 245 126 109 36 29 35 10 5 3 1 1 1 1
1476612499 235 246 126 109 36 29 35 10 5 3 1 1 1 1
1476612531 235 247 126 109 36 29 35 10 5 3 1 1 1 1
1476612578 235 248 126 109 36 29 35 10 5 3 1 1 1 1
1476612622 235 249 126 109 36 29 35 10 5 3 1 1 1 1
1476612657 235 250 126 109 36 29 35 10 5 3 1 1 1 1
1476612701 235 251 126 109 36 29 35 10 5 3 1 1 1 1
1476612726 235 252 126 109 36 29 35 10 5 3 1 1 1 1
1476612742 235 253 126 109 36 29 35 10 5 3 1 1 1 1
1476612786 235 254 126 109 36 29 35 10 5 3 1 1 1 1
1476613226 235 255 126 109 36 29 35 10 5 3 1 1 1 1
1476702388 235 256 126 109 36 29 35 10 5 3 1 1 1 1
1476702406 235 257 126 109 36 29 35 10 5 3 1 1 1 1
1476702612 235 263 126 113 36 29 35 10 5 3 1 1 1 1
1476713008 236 263 126 113 36 29 35 10 5 3 1 1 1 1
1476713057 237 263 126 113 36 29 35 10 5 3 1 1 1 1
1476723147 238 263 126 113 36 29 35 10 5 3 1 1 1 1
1476725386 239 263 126 113 36 29 35 10 5 3 1 1 1 1
1476725398 240 263 126 113 36 29 35 10 5 3 1 1 1 1
1476725419 241 263 126 113 36 29 35 10 5 3 1 1 1 1
1476725454 242 263 126 113 36 29 35 10 5 3 1 1 1 1
1476725989 243 263 126 113 36 29 35 10 5 3 1 1 1 1
1476726062 244 263 126 113 36 29 35 10 5 3 1 1 1 1
1476728345 245 263 126 113 36 29 35 10 5 3 1 1 1 1
1476728393 246 263 126 113 36 29 35 10 5 3 1 1 1 1
1476728403 247 263 126 113 36 29 35 10 5 3 1 1 1 1
1476728434 248 263 126 113 36 29 35 10 5 3 1 1 1 1
1476731629 249 263 126 113 36 29 35 10 5 3 1 1 1 1
1476749520 250 263 126 113 36 29 35 10 5 3 1 1 1 1
1476749558 251 263 126 113 36 29 35 10 5 3 1 1 1 1
1476749569 252 263 126 113 36 29 35 10 5 3 1 1 1 1
1476751578 252 263 126 114 36 29 35 10 5 3 1 1 1 1
1476751919 252 263 126 115 36 29 35 10 5 3 1 1 1 1
1476752088 252 263 126 116 36 29 35 10 5 3 1 1 1 1
1476753666 252 263 126 117 36 29 35 10 5 3 1 1 1 1
1476755003 252 263 126 117 37 29 35 10 5 3 1 1 1 1
1476786832 252 264 126 117 37 29 35 10 5 3 1 1 1 1
1476786861 252 265 126 117 37 29 35 10 5 3 1 1 1 1
1476787211 252 266 126 117 37 29 35 10 5 3 1 1 1 1
1476787332 252 267 126 117 37 29 35 10 5 3 1 1 1 1
1476798894 253 267 126 117 37 29 35 10 5 3 1 1 1 1
1476798923 254 267 126 117 37 29 35 10 5 3 1 1 1 1
1476799270 255 267 126 117 37 29 35 10 5 3 1 1 1 1
1476808162 256 268 126 124 38 29 35 10 5 3 1 1 1 1
1476809352 257 268 126 124 38 29 35 10 5 3 1 1 1 1
1476809472 258 268 126 124 38 29 35 10 5 3 1 1 1 1
1476809711 259 268 126 124 38 29 35 10 5 3 1 1 1 1
1476814156 260 268 126 124 38 29 35 10 5 3 1 1 1 1
1476814171 261 268 126 124 38 29 35 10 5 3 1 1 1 1
1476879202 261 269 126 124 38 29 35 10 5 3 1 1 1 1
1476879214 261 270 126 124 38 29 35 10 5 3 1 1 1 1
1476880653 262 270 126 124 38 29 35 10 5 3 1 1 1 1
1476880673 263 270 126 124 38 29 35 10 5 3 1 1 1 1
1476992845 263 270 126 125 38 29 35 10 5 3 1 1 1 1
1476992913 263 270 126 126 38 29 35 10 5 3 1 1 1 1
1477055939 263 270 126 126 39 29 35 10 5 3 1 1 1 1
1477058835 263 270 126 126 40 29 35 10 5 3 1 1 1 1
1477059612 263 270 126 126 41 29 35 10 5 3 1 1 1 1
1477059708 263 270 126 126 42 29 35 10 5 3 1 1 1 1
1477059725 263 270 126 126 43 29 35 10 5 3 1 1 1 1
1477059850 270 270 126 126 43 29 35 10 5 3 1 1 1 1
1477060323 271 270 126 126 43 29 35 10 5 3 1 1 1 1
1477060405 271 270 126 126 44 29 35 10 5 3 1 1 1 1
1477060412 271 270 126 126 45 29 35 10 5 3 1 1 1 1
1477060433 271 270 126 126 46 29 35 10 5 3 1 1 1 1
1477060438 271 270 126 126 47 29 35 10 5 3 1 1 1 1
1477060657 271 270 126 126 48 29 35 10 5 3 1 1 1 1
1477060680 271 270 126 126 49 29 35 10 5 3 1 1 1 1
1477078451 272 270 126 126 49 29 35 10 5 3 1 1 1 1
1477078502 273 270 126 126 49 29 35 10 5 3 1 1 1 1
1477078521 274 270 126 126 49 29 35 10 5 3 1 1 1 1
1477078532 275 270 126 126 49 29 35 10 5 3 1 1 1 1
1477094403 276 270 126 126 49 29 35 10 5 3 1 1 1 1
1477094429 277 270 126 126 49 29 35 10 5 3 1 1 1 1
1477094480 278 270 126 126 49 29 35 10 5 3 1 1 1 1
1477094495 279 270 126 126 49 29 35 10 5 3 1 1 1 1
1477132825 279 271 126 126 49 29 35 10 5 3 1 1 1 1
1477148536 279 272 126 126 49 29 35 10 5 3 1 1 1 1
1477163146 279 273 126 126 49 29 35 10 5 3 1 1 1 1
1477163171 279 274 126 126 49 29 35 10 5 3 1 1 1 1
1477164904 279 275 126 126 49 29 35 10 5 3 1 1 1 1
1477165762 279 276 126 126 49 29 35 10 5 3 1 1 1 1
1477166169 279 277 126 126 49 29 35 10 5 3 1 1 1 1
1477168545 279 278 126 126 49 29 35 10 5 3 1 1 1 1
1477169084 279 278 126 126 49 30 35 10 5 3 1 1 1 1
1477170413 279 279 126 126 49 30 35 10 5 3 1 1 1 1
1477171588 279 280 126 126 49 30 35 10 5 3 1 1 1 1
1477176089 279 280 126 126 49 31 35 10 5 3 1 1 1 1
1477176630 279 281 126 126 49 31 35 10 5 3 1 1 1 1
1477177269 279 281 126 126 49 32 35 10 5 3 1 1 1 1
1477179214 279 282 126 126 49 32 35 10 5 3 1 1 1 1
1477181722 279 283 126 126 49 32 35 10 5 3 1 1 1 1
1477215252 279 284 126 126 49 32 35 10 5 3 1 1 1 1
1477215922 280 306 126 126 49 33 35 10 5 3 1 1 1 1
1477318619 281 306 126 126 49 33 35 10 5 3 1 1 1 1
1477319199 282 306 126 126 49 33 35 10 5 3 1 1 1 1
1477319217 283 306 126 126 49 33 35 10 5 3 1 1 1 1
1477322410 283 306 127 126 49 33 35 10 5 3 1 1 1 1
1477322641 284 306 127 126 49 33 35 10 5 3 1 1 1 1
1477322676 285 306 127 126 49 33 35 10 5 3 1 1 1 1
1477322697 286 306 127 126 49 33 35 10 5 3 1 1 1 1
1477323276 286 306 127 126 50 33 35 10 5 3 1 1 1 1
1477323445 287 306 127 126 50 33 35 10 5 3 1 1 1 1
1477338057 288 306 127 126 50 33 35 10 5 3 1 1 1 1
1477338075 289 306 127 126 50 33 35 10 5 3 1 1 1 1
1477338506 289 306 127 127 50 33 35 10 5 3 1 1 1 1
1477398842 289 306 127 128 50 33 35 10 5 3 1 1 1 1
1477400502 289 306 127 128 51 33 35 10 5 3 1 1 1 1
1477409984 289 306 127 128 51 34 35 10 5 3 1 1 1 1
1477410545 289 306 127 128 51 35 35 10 5 3 1 1 1 1
1477410648 289 307 127 128 51 35 35 10 5 3 1 1 1 1
1477412731 289 308 127 128 51 35 35 10 5 3 1 1 1 1
1477415284 289 308 127 128 51 36 35 10 5 3 1 1 1 1
1477415679 289 309 127 128 51 36 35 10 5 3 1 1 1 1
1477415707 289 310 127 128 51 36 35 10 5 3 1 1 1 1
1477501371 290 310 127 128 51 36 35 10 5 3 1 1 1 1
1477501440 291 310 127 128 51 36 35 10 5 3 1 1 1 1
1477501478 292 310 127 128 51 36 35 10 5 3 1 1 1 1
1477501529 293 310 127 128 51 36 35 10 5 3 1 1 1 1
1477501557 294 310 127 128 51 36 35 10 5 3 1 1 1 1
1477507312 294 310 127 128 52 36 35 10 5 3 1 1 1 1
1477526366 294 310 127 129 52 36 35 10 5 3 1 1 1 1
1477526390 294 310 127 130 52 36 35 10 5 3 1 1 1 1
1477526955 294 310 127 131 52 36 35 10 5 3 1 1 1 1
1477561032 294 311 127 131 52 36 35 10 5 3 1 1 1 1
1477561052 294 312 127 131 52 36 35 10 5 3 1 1 1 1
1477561857 294 313 127 131 52 36 35 10 5 3 1 1 1 1
1477561913 294 314 127 131 52 36 35 10 5 3 1 1 1 1
1477561933 294 315 127 131 52 36 35 10 5 3 1 1 1 1
1477563910 294 316 127 131 52 36 35 10 5 3 1 1 1 1
1477563931 294 317 127 131 52 36 35 10 5 3 1 1 1 1
1477564092 294 318 127 131 52 36 35 10 5 3 1 1 1 1
1477564956 294 319 127 131 52 36 35 10 5 3 1 1 1 1
1477565783 294 320 127 131 52 36 35 10 5 3 1 1 1 1
1477565883 294 321 127 131 52 36 35 10 5 3 1 1 1 1
1477565992 294 322 127 131 52 36 35 10 5 3 1 1 1 1
1477566578 294 323 127 131 52 36 35 10 5 3 1 1 1 1
1477567158 294 324 127 131 52 36 35 10 5 3 1 1 1 1
1477568133 294 324 127 131 52 37 35 10 5 3 1 1 1 1
1477568151 294 324 127 131 52 38 35 10 5 3 1 1 1 1
1477568568 294 324 127 131 52 39 35 10 5 3 1 1 1 1
1477568812 294 325 127 131 52 39 35 10 5 3 1 1 1 1
1477573627 295 325 127 131 52 39 35 10 5 3 1 1 1 1
1477573640 296 325 127 131 52 39 35 10 5 3 1 1 1 1
1477573659 297 325 127 131 52 39 35 10 5 3 1 1 1 1
1477573681 298 325 127 131 52 39 35 10 5 3 1 1 1 1
1477573710 299 325 127 131 52 39 35 10 5 3 1 1 1 1
1477574602 300 325 127 131 52 39 35 10 5 3 1 1 1 1
1477576201 301 325 127 131 52 39 35 10 5 3 1 1 1 1
1477576379 302 325 127 131 52 39 35 10 5 3 1 1 1 1
1477619878 303 325 127 131 52 39 35 10 5 3 1 1 1 1
1477619912 304 325 127 131 52 39 35 10 5 3 1 1 1 1
1477619969 305 325 127 131 52 39 35 10 5 3 1 1 1 1
1477658328 305 325 127 131 53 39 35 10 5 3 1 1 1 1
1477658586 306 325 127 131 53 39 35 10 5 3 1 1 1 1
1477744981 307 325 127 131 53 39 35 10 5 3 1 1 1 1
1477747309 308 325 127 131 53 39 35 10 5 3 1 1 1 1
1477747332 309 325 127 131 53 39 35 10 5 3 1 1 1 1
1477774268 310 325 127 131 53 39 35 10 5 3 1 1 1 1
1477775026 311 325 127 131 53 39 35 10 5 3 1 1 1 1
1477775041 312 325 127 131 53 39 35 10 5 3 1 1 1 1
1477775665 312 325 127 131 54 39 35 10 5 3 1 1 1 1
1477775713 313 325 127 131 54 39 35 10 5 3 1 1 1 1
1477866267 314 325 127 131 54 39 35 10 5 3 1 1 1 1
1477866313 315 325 127 131 54 39 35 10 5 3 1 1 1 1
1477866348 316 325 127 131 54 39 35 10 5 3 1 1 1 1
1477915790 317 325 127 131 54 39 35 10 5 3 1 1 1 1
1477917350 318 325 127 131 54 39 35 10 5 3 1 1 1 1
1477917382 319 325 127 131 54 39 35 10 5 3 1 1 1 1
1477917885 320 325 127 131 54 39 35 10 5 3 1 1 1 1
1477917990 321 325 127 131 54 39 35 10 5 3 1 1 1 1
1478095716 322 325 127 131 54 39 35 10 5 3 1 1 1 1
1478095746 323 325 127 131 54 39 35 10 5 3 1 1 1 1
1478095860 324 325 127 131 54 39 35 10 5 3 1 1 1 1
1478096317 325 325 127 131 54 39 35 10 5 3 1 1 1 1
1478183254 325 325 128 131 54 39 35 10 5 3 1 1 1 1
1478183477 325 325 129 131 54 39 35 10 5 3 1 1 1 1
1478190043 325 325 130 131 54 39 35 10 5 3 1 1 1 1
1478191157 325 325 131 131 54 39 35 10 5 3 1 1 1 1
1478191580 325 325 132 131 54 39 35 10 5 3 1 1 1 1
1478192084 325 325 132 132 54 39 35 10 5 3 1 1 1 1
1478192108 325 325 132 133 54 39 35 10 5 3 1 1 1 1
1478287375 325 325 133 133 54 39 35 10 5 3 1 1 1 1
1478536271 326 325 133 133 54 39 35 10 5 3 1 1 1 1
1478536381 327 325 133 133 54 39 35 10 5 3 1 1 1 1
1478536740 328 325 133 133 54 39 35 10 5 3 1 1 1 1
1478537841 329 325 133 133 54 39 35 10 5 3 1 1 1 1
1478554616 329 325 134 133 54 39 35 10 5 3 1 1 1 1
1478612495 330 325 134 133 54 39 35 10 5 3 1 1 1 1
1478612520 331 325 134 133 54 39 35 10 5 3 1 1 1 1
1478612540 332 325 134 133 54 39 35 10 5 3 1 1 1 1
1478613327 333 325 134 133 54 39 35 10 5 3 1 1 1 1
1478613335 333 325 134 133 55 39 35 10 5 3 1 1 1 1
1478613870 333 325 134 133 56 39 35 10 5 3 1 1 1 1
1478614373 333 325 134 133 57 39 35 10 5 3 1 1 1 1
1478615966 333 325 135 133 57 39 35 10 5 3 1 1 1 1
1478616435 333 325 135 133 58 39 35 10 5 3 1 1 1 1
1478622384 334 325 135 133 58 39 35 10 5 3 1 1 1 1
1478622412 335 325 135 133 58 39 35 10 5 3 1 1 1 1
1478622441 336 325 135 133 58 39 35 10 5 3 1 1 1 1
1478623051 337 325 135 133 58 39 35 10 5 3 1 1 1 1
1478623069 338 325 135 133 58 39 35 10 5 3 1 1 1 1
1478630855 339 325 135 133 58 39 35 10 5 3 1 1 1 1
1478630884 340 325 135 133 58 39 35 10 5 3 1 1 1 1
1478705644 340 325 136 133 58 39 35 10 5 3 1 1 1 1
1478718625 341 325 136 133 58 39 35 10 5 3 1 1 1 1
1478718630 342 325 136 133 58 39 35 10 5 3 1 1 1 1
1478718662 343 325 136 133 58 39 35 10 5 3 1 1 1 1
1478720228 343 325 137 133 58 39 35 10 5 3 1 1 1 1
1478720270 343 325 137 133 59 39 35 10 5 3 1 1 1 1
1478720760 344 325 137 133 59 39 35 10 5 3 1 1 1 1
1478721507 345 325 137 133 59 39 35 10 5 3 1 1 1 1
1478815618 345 325 138 133 59 39 35 10 5 3 1 1 1 1
1478825530 346 325 138 133 59 39 35 10 5 3 1 1 1 1
1478825750 347 325 138 133 59 39 35 10 5 3 1 1 1 1
1478825767 348 325 138 133 59 39 35 10 5 3 1 1 1 1
1478826143 348 325 138 133 60 39 35 10 5 3 1 1 1 1
1478827110 349 325 138 133 60 39 35 10 5 3 1 1 1 1
1478827208 349 325 138 133 61 39 35 10 5 3 1 1 1 1
1478827284 350 325 138 133 61 39 35 10 5 3 1 1 1 1
1478893976 351 325 138 133 61 39 35 10 5 3 1 1 1 1
1478894047 352 325 138 133 61 39 35 10 5 3 1 1 1 1
1478894100 353 325 138 133 61 39 35 10 5 3 1 1 1 1
1478894124 354 325 138 133 61 39 35 10 5 3 1 1 1 1
1479132507 355 325 138 133 61 39 35 10 5 3 1 1 1 1
1479132637 356 325 138 133 61 39 35 10 5 3 1 1 1 1
1479134561 356 325 138 133 62 39 35 10 5 3 1 1 1 1
1479134715 357 325 138 133 62 39 35 10 5 3 1 1 1 1
1479140367 358 325 138 133 62 39 35 10 5 3 1 1 1 1
1479140620 359 325 138 133 62 39 35 10 5 3 1 1 1 1
1479153016 360 325 138 133 62 39 35 10 5 3 1 1 1 1
1479153222 361 325 138 133 62 39 35 10 5 3 1 1 1 1
1479153312 362 325 138 133 62 39 35 10 5 3 1 1 1 1
1479223217 362 325 138 133 63 39 35 10 5 3 1 1 1 1
1479223297 363 325 138 133 63 39 35 10 5 3 1 1 1 1
1479236789 363 325 139 133 63 39 35 10 5 3 1 1 1 1
1479388341 363 325 139 133 64 39 35 10 5 3 1 1 1 1
1479389495 364 325 139 133 64 39 35 10 5 3 1 1 1 1
1479395816 365 325 139 133 64 39 35 10 5 3 1 1 1 1
1479469274 366 325 139 133 64 39 35 10 5 3 1 1 1 1
1480340556 367 325 139 133 64 39 35 10 5 3 1 1 1 1
1480344123 367 325 139 133 65 39 35 10 5 3 1 1 1 1
1480353263 367 325 139 134 65 39 35 10 5 3 1 1 1 1
1480363468 367 325 139 135 65 39 35 10 5 3 1 1 1 1
1480364940 367 325 139 135 66 39 35 10 5 3 1 1 1 1
1480427291 368 325 139 135 66 39 35 10 5 3 1 1 1 1
1480440294 369 325 139 135 66 39 35 10 5 3 1 1 1 1
1480441359 370 325 139 135 66 39 35 10 5 3 1 1 1 1
1480445575 371 325 139 135 66 39 35 10 5 3 1 1 1 1
1480445687 372 325 139 135 66 39 35 10 5 3 1 1 1 1
1480445698 373 325 139 135 66 39 35 10 5 3 1 1 1 1
1480446706 373 325 139 135 67 39 35 10 5 3 1 1 1 1
1480446806 374 325 139 135 67 39 35 10 5 3 1 1 1 1
1481573064 375 325 139 135 67 39 35 10 5 3 1 1 1 1
1481573148 376 325 139 135 67 39 35 10 5 3 1 1 1 1
1481573160 377 325 139 135 67 39 35 10 5 3 1 1 1 1
1482069144 377 325 139 136 67 39 35 10 5 3 1 1 1 1
1482158353 377 325 139 136 67 40 35 10 5 3 1 1 1 1
1482166405 377 325 139 136 68 40 35 10 5 3 1 1 1 1
1482174316 377 326 139 136 68 40 35 10 5 3 1 1 1 1
1482239388 377 326 139 136 69 40 35 10 5 3 1 1 1 1
1486147520 377 327 139 136 69 40 35 10 5 3 1 1 1 1
1486149187 377 327 139 136 69 41 35 10 5 3 1 1 1 1
1486149245 377 328 139 136 69 41 35 10 5 3 1 1 1 1
