1456761396 0 20 0 0 0 0 0 0 0 0 0 0 0 0
1456936094 0 20 0 0 0 0 0 0 0 30 0 0 0 0
1456936450 0 20 0 0 0 0 0 0 0 74 0 0 0 0
1456936527 0 20 0 0 0 0 0 0 0 75 0 0 0 0
1456950048 0 158 0 0 0 0 0 0 0 75 0 0 0 0
1456952095 0 177 0 0 0 0 0 0 0 75 0 0 0 0
1456952728 0 188 0 0 0 0 0 0 0 75 0 0 0 0
1456953115 0 192 0 0 0 0 0 0 0 75 0 0 0 0
1456953224 0 194 0 0 0 0 0 0 0 75 0 0 0 0
1456953330 0 196 0 0 0 0 0 0 0 75 0 0 0 0
1456955138 0 200 0 0 0 0 0 0 0 75 0 0 0 0
1457117247 0 201 0 0 0 0 0 0 0 75 0 0 0 0
1457445919 4885 201 0 0 0 0 0 0 0 75 0 0 0 0
1457446093 4894 201 0 0 0 0 0 0 0 75 0 0 0 0
1457450130 4903 201 0 0 0 0 0 0 0 75 0 0 0 0
1457621465 4903 201 0 0 0 0 0 0 1 75 0 0 0 0
1458583635 4903 201 0 0 0 0 0 0 1 75 0 38 0 0
1458653253 4903 201 0 0 0 0 0 0 1 75 0 38 0 0
1459449840 5271 201 0 0 0 0 0 0 1 75 0 38 0 0
1459450012 5276 201 0 0 0 0 0 0 1 75 0 38 0 0
1459450033 5372 201 0 0 0 0 0 0 1 75 0 38 0 0
1459450039 5408 201 0 0 0 0 0 0 1 75 0 38 0 0
1459466243 5447 201 0 0 0 0 0 0 1 75 0 38 0 0
1459476389 5470 201 0 0 0 0 0 0 1 75 0 38 0 0
1459476456 5600 201 0 0 0 0 0 0 1 75 0 38 0 0
1459476468 5604 201 0 0 0 0 0 0 1 75 0 38 0 0
1459476485 5604 201 0 0 0 0 0 0 1 75 0 38 0 0
1459476506 5635 201 0 0 0 0 0 0 1 75 0 38 0 0
1459477502 5637 201 0 0 0 0 0 0 1 75 0 38 0 0
1459622310 5640 201 0 0 0 0 0 0 1 75 0 38 0 0
1459622328 5683 201 0 0 0 0 0 0 1 75 0 38 0 0
1459622346 5726 201 0 0 0 0 0 0 1 75 0 38 0 0
1459622414 5760 201 0 0 0 0 0 0 1 75 0 38 0 0
1459622450 5778 201 0 0 0 0 0 0 1 75 0 38 0 0
1459622699 5784 201 0 0 0 0 0 0 1 75 0 38 0 0
1459622718 5788 201 0 0 0 0 0 0 1 75 0 38 0 0
1459623430 5792 201 0 0 0 0 0 0 1 75 0 38 0 0
1459629114 5805 201 0 0 0 0 0 0 1 75 0 38 0 0
1459629142 5872 201 0 0 0 0 0 0 1 75 0 38 0 0
1459640447 5937 201 0 0 0 0 0 0 1 75 0 38 0 0
1459641896 5972 201 0 0 0 0 0 0 1 75 0 38 0 0
1459776317 6013 201 0 0 0 0 0 0 1 75 0 38 0 0
1459783884 6016 201 0 0 0 0 0 0 1 75 0 38 0 0
1459783913 6048 201 0 0 0 0 0 0 1 75 0 38 0 0
1459788280 6065 201 0 0 0 0 0 0 1 75 0 38 0 0
1459792130 6148 201 0 0 0 0 0 0 1 75 0 38 0 0
1459792154 6205 201 0 0 0 0 0 0 1 75 0 38 0 0
1459815519 6207 201 0 0 0 0 0 0 1 75 0 38 0 0
1459815565 6271 201 0 0 0 0 0 0 1 75 0 38 0 0
1459815578 6287 201 0 0 0 0 0 0 1 75 0 38 0 0
1459815685 6288 201 0 0 0 0 0 0 1 75 0 38 0 0
1459900178 6297 201 0 0 0 0 0 0 1 75 0 38 0 0
1459900234 6398 201 0 0 0 0 0 0 1 75 0 38 0 0
1459902269 6445 201 0 0 0 0 0 0 1 75 0 38 0 0
1459987974 6447 201 0 0 0 0 0 0 1 75 0 38 0 0
1459988015 6450 201 0 0 0 0 0 0 1 75 0 38 0 0
1459988031 6451 201 0 0 0 0 0 0 1 75 0 38 0 0
1459988046 6458 201 0 0 0 0 0 0 1 75 0 38 0 0
1460052373 6463 201 0 0 0 0 0 0 1 75 0 38 0 0
1460052392 6463 201 0 0 0 0 0 0 1 75 0 38 0 0
1460052528 6492 201 0 0 0 0 0 0 1 75 0 38 0 0
1460053660 6493 201 0 0 0 0 0 0 1 75 0 38 0 0
1460053787 6531 201 0 0 0 0 0 0 1 75 0 38 0 0
1460055082 6545 201 0 0 0 0 0 0 1 75 0 38 0 0
1460055788 6552 201 0 0 0 0 0 0 1 75 0 38 0 0
1460055803 6554 201 0 0 0 0 0 0 1 75 0 38 0 0
1460057446 6597 201 0 0 0 0 0 0 1 75 0 38 0 0
1460057616 6602 201 0 0 0 0 0 0 1 75 0 38 0 0
1460121918 6606 201 0 0 0 0 0 0 1 75 0 38 0 0
1460121943 6618 201 0 0 0 0 0 0 1 75 0 38 0 0
1460486689 6620 201 0 0 0 0 0 0 1 75 0 38 0 0
1460486716 6852 201 0 0 0 0 0 0 1 75 0 38 0 0
1460486812 6853 201 0 0 0 0 0 0 1 75 0 38 0 0
1460486827 6863 201 0 0 0 0 0 0 1 75 0 38 0 0
1460557339 6869 201 0 0 0 0 0 0 1 75 0 38 0 0
1460557347 6870 201 0 0 0 0 0 0 1 75 0 38 0 0
1460557387 7010 201 0 0 0 0 0 0 1 75 0 38 0 0
1460557997 7042 201 0 0 0 0 0 0 1 75 0 38 0 0
1460558050 7046 201 0 0 0 0 0 0 1 75 0 38 0 0
1460571742 7088 201 0 0 0 0 0 0 1 75 0 38 0 0
1460572240 7112 201 0 0 0 0 0 0 1 75 0 38 0 0
1460572562 7113 201 0 0 0 0 0 0 1 75 0 38 0 0
1460572665 7113 201 0 0 0 0 0 0 1 75 0 38 0 0
1460574319 7113 201 0 0 0 0 0 0 1 75 0 38 0 0
1460574331 7185 201 0 0 0 0 0 0 1 75 0 38 0 0
1460657230 7185 201 0 0 0 0 8 0 1 75 0 38 0 0
1460664735 7240 201 0 0 0 0 8 0 1 75 0 38 0 0
1460723900 7285 201 0 0 0 0 8 0 1 75 0 38 0 0
1460729102 7472 201 0 0 0 0 8 0 1 75 0 38 0 0
1460733144 7627 201 0 0 0 0 8 0 1 75 0 38 0 0
1460733164 7640 201 0 0 0 0 8 0 1 75 0 38 0 0
1460733174 7717 201 0 0 0 0 8 0 1 75 0 38 0 0
1460733625 7717 201 0 0 0 0 8 0 1 75 0 38 0 0
1460736136 7717 201 0 0 0 0 84 0 1 75 0 38 0 0
1460736342 7721 201 0 0 0 0 84 0 1 75 0 38 0 0
1460736360 7724 201 0 0 0 0 84 0 1 75 0 38 0 0
1460736379 7734 201 0 0 0 0 84 0 1 75 0 38 0 0
1460736392 7796 201 0 0 0 0 84 0 1 75 0 38 0 0
1460739480 7796 201 0 0 0 0 84 0 1 75 0 38 0 0
1460740682 7796 201 0 0 0 0 96 0 1 75 0 38 0 0
1460741239 8067 201 0 0 0 0 96 0 1 75 0 38 0 0
1460743497 8067 201 0 0 0 0 138 0 1 75 0 38 0 0
1460743513 8067 201 0 0 0 0 138 0 1 75 0 38 0 0
1460743614 8101 201 0 0 0 0 138 0 1 75 0 38 0 0
1460988294 8101 201 0 0 0 0 257 0 1 75 0 38 0 0
1460988680 8101 201 0 0 0 0 258 0 1 75 0 38 0 0
1460989190 8246 201 0 0 0 0 258 0 1 75 0 38 0 0
1460990882 8247 201 0 0 0 0 258 0 1 75 0 38 0 0
1460990888 8300 201 0 0 0 0 258 0 1 75 0 38 0 0
1460991812 8300 201 0 0 0 0 258 0 1 75 0 38 0 0
1460991822 8306 201 0 0 0 0 258 0 1 75 0 38 0 0
1460992851 8306 201 0 0 0 0 258 0 1 75 0 38 0 0
1460993145 8315 201 0 0 0 0 258 0 1 75 0 38 0 0
1460994155 8315 201 0 0 0 0 258 0 1 75 0 38 0 1
1460994590 8315 201 0 0 0 0 258 0 1 75 0 38 0 1
1460994761 8316 201 0 0 0 0 258 0 1 75 0 38 0 1
1461011520 8316 201 0 0 0 0 262 0 1 75 0 38 0 1
1461246830 8316 201 0 0 0 0 726 0 1 75 0 38 0 1
1461247288 8316 201 0 0 0 0 1305 0 1 75 0 38 0 1
1461249712 8316 201 0 0 0 0 1306 0 1 75 0 38 0 1
1461250761 8316 201 0 0 0 0 1307 0 1 75 0 38 0 1
1461251671 8346 201 0 0 0 0 1307 0 1 75 0 38 0 1
1461251707 8353 201 0 0 0 0 1307 0 1 75 0 38 0 1
1461251724 8553 201 0 0 0 0 1307 0 1 75 0 38 0 1
1461253185 8553 201 0 0 0 0 1309 0 1 75 0 38 0 1
1461260939 8553 201 0 0 0 0 1309 0 1 75 0 38 0 1
1461272152 8553 201 0 0 0 0 1321 0 1 75 0 38 0 1
1461280875 9649 201 0 0 0 0 1321 0 1 75 0 38 0 1
1461281643 9651 201 0 0 0 0 1321 0 1 75 0 38 0 1
1461281916 9651 201 0 0 0 0 1321 0 1 75 0 38 0 1
1461285380 9651 201 1 0 0 0 1321 0 1 75 0 38 0 1
1461326508 9651 201 1 0 0 0 1321 0 1 75 0 38 0 1
1461330180 9651 201 1 0 0 0 1321 0 1 75 0 38 0 1
1461331587 9651 201 1 0 0 0 1325 0 1 75 0 38 0 1
1461331623 9651 201 1 0 0 0 1325 0 1 75 0 38 0 1
1461602367 9651 201 1 0 0 0 1325 0 1 75 0 38 0 1
1461611160 9752 201 1 0 0 0 1325 0 1 75 0 38 0 1
1461613524 9754 201 1 0 0 0 1325 0 1 75 0 38 0 1
1461613561 9772 201 1 0 0 0 1325 0 1 75 0 38 0 1
1461615036 9778 201 1 0 0 0 1325 0 1 75 0 38 0 1
1461678701 9779 201 1 0 0 0 1325 0 1 75 0 38 0 1
1461680359 9787 201 1 0 0 0 1325 0 1 75 0 38 0 1
1461680379 9794 201 1 0 0 0 1325 0 1 75 0 38 0 1
1461680399 9808 201 1 0 0 0 1325 0 1 75 0 38 0 1
1461680967 9809 201 1 0 0 0 1325 0 1 75 0 38 0 1
1461680985 9813 201 1 0 0 0 1325 0 1 75 0 38 0 1
1461681006 9835 201 1 0 0 0 1325 0 1 75 0 38 0 1
1461682089 10387 201 1 0 0 0 1325 0 1 75 0 38 0 1
1461685427 10438 201 1 0 0 0 1325 0 1 75 0 38 0 1
1461953258 10438 201 189 0 0 0 1325 0 1 75 0 38 0 1
1461953281 10438 201 198 0 0 0 1325 0 1 75 0 38 0 1
1461953315 10438 201 200 0 0 0 1325 0 1 75 0 38 0 1
1461954388 10438 201 202 0 0 0 1325 0 1 75 0 38 0 1
1461954557 10438 201 203 0 0 0 1325 0 1 75 0 38 0 1
1461954573 10438 201 237 0 0 0 1325 0 1 75 0 38 0 1
1461954633 10438 201 238 0 0 0 1325 0 1 75 0 38 0 1
1462190621 10439 201 238 0 0 0 1325 0 1 75 0 38 0 1
1462190668 10458 201 238 0 0 0 1325 0 1 75 0 38 0 1
1462201352 10458 201 240 0 0 0 1325 0 1 75 0 38 0 1
1462215935 10458 201 240 0 0 0 1362 0 1 75 0 38 0 1
1462216167 10458 201 241 0 0 0 1362 0 1 75 0 38 0 1
1462216220 10458 201 255 0 0 0 1362 0 1 75 0 38 0 1
1462216239 10458 201 352 0 0 0 1362 0 1 75 0 38 0 1
1462216247 10458 201 496 0 0 0 1362 0 1 75 0 38 0 1
1462216261 10458 201 536 0 0 0 1362 0 1 75 0 38 0 1
1462217145 10458 201 537 0 0 0 1362 0 1 75 0 38 0 1
1462217174 10458 201 553 0 0 0 1362 0 1 75 0 38 0 1
1462218819 10458 201 553 0 0 0 1362 0 1 75 0 38 0 1
1462221632 10458 201 553 0 0 0 1405 0 1 75 0 38 0 1
1462222168 10458 201 553 0 0 0 1407 0 1 75 0 38 0 1
1462222289 10458 201 553 0 0 0 1408 0 1 75 0 38 0 1
1462227351 10458 201 702 0 0 0 1408 0 1 75 0 38 0 1
1462227821 10458 201 702 0 0 0 1408 0 1 75 0 38 0 1
1462276536 10491 201 702 0 0 0 1408 0 1 75 0 38 0 1
1462277191 10491 201 702 0 0 0 1408 0 1 75 0 38 0 1
1462283083 10491 201 844 0 0 0 1408 0 1 75 0 38 0 1
1462283103 10491 201 1009 0 0 0 1408 0 1 75 0 38 0 1
1462284152 10491 201 1063 0 0 0 1408 0 1 75 0 38 0 1
1462284294 10491 201 1063 0 0 0 1408 0 1 75 0 38 0 1
1462284481 10491 201 1064 0 0 0 1408 0 1 75 0 38 0 1
1462295528 10491 201 1064 0 0 0 1408 0 1 75 0 38 0 1
1462295708 10491 201 1064 0 0 0 1408 0 1 75 0 38 0 1
1462298491 10491 201 1064 0 0 0 1408 0 1 75 0 38 0 1
1462298507 10491 201 1067 0 0 0 1408 0 1 75 0 38 0 1
1462298521 10491 201 1073 0 0 0 1408 0 1 75 0 38 0 1
1462298829 10491 201 1201 0 0 0 1408 0 1 75 0 38 0 1
1462298846 10491 201 1205 0 0 0 1408 0 1 75 0 38 0 1
1462298968 10505 201 1205 0 0 0 1408 0 1 75 0 38 0 1
1462299370 10508 201 1205 0 0 0 1408 0 1 75 0 38 0 1
1462299497 10508 201 1240 0 0 0 1408 0 1 75 0 38 0 1
1462299511 10524 201 1240 0 0 0 1408 0 1 75 0 38 0 1
1462299531 10563 201 1240 0 0 0 1408 0 1 75 0 38 0 1
1462299942 10563 201 1242 0 0 0 1408 0 1 75 0 38 0 1
1462300793 10563 201 1242 0 0 0 1408 0 1 75 0 38 0 1
1462302699 10563 201 1242 0 0 0 1408 0 1 75 0 38 0 1
1462302823 10564 201 1242 0 0 0 1408 0 1 75 0 38 0 1
1462302930 10739 201 1242 0 0 0 1408 0 1 75 0 38 0 1
1462328326 10739 201 1243 0 0 0 1408 0 1 75 0 38 0 1
1462328432 10739 201 1247 0 0 0 1408 0 1 75 0 38 0 1
1462328457 10739 201 1273 0 0 0 1408 0 1 75 0 38 0 1
1462328469 10739 201 1274 0 0 0 1408 0 1 75 0 38 0 1
1462332008 10739 201 1508 0 0 0 1408 0 1 75 0 38 0 1
1462367491 10739 201 1508 0 0 0 1408 0 1 75 0 38 36 1
1462369308 10776 201 1508 0 0 0 1408 0 1 75 0 38 36 1
1462369432 10790 201 1508 0 0 0 1408 0 1 75 0 38 36 1
1462369451 10797 201 1508 0 0 0 1408 0 1 75 0 38 36 1
1462371403 10858 201 1508 0 0 0 1408 0 1 75 0 38 36 1
1462371433 10884 201 1508 0 0 0 1408 0 1 75 0 38 36 1
1462371482 10884 201 1508 0 0 0 1408 0 1 75 0 38 36 1
1462375658 10887 201 1508 0 0 0 1408 0 1 75 0 38 36 1
1462375685 10890 201 1508 0 0 0 1408 0 1 75 0 38 36 1
1462375700 10900 201 1508 0 0 0 1408 0 1 75 0 38 36 1
1462378755 10900 201 1508 0 0 0 1408 0 1 75 0 38 36 1
1462381389 10912 201 1508 0 0 0 1408 0 1 75 0 38 36 1
1462381402 10912 201 1508 0 0 0 1411 0 1 75 0 38 36 1
1462388027 11012 201 1508 0 0 0 1411 0 1 75 0 38 36 1
1462389105 11084 201 1508 0 0 0 1411 0 1 75 0 38 36 1
1462390890 11084 201 3037 0 0 0 1411 0 1 75 0 38 36 1
1462390944 11084 201 4489 0 0 0 1411 0 1 75 0 38 36 1
1462390969 11084 201 4489 0 0 0 1411 0 1 75 0 38 36 1
1462391161 11084 201 5092 0 0 0 1411 0 1 75 0 38 36 1
1462391188 11084 201 5244 0 0 0 1411 0 1 75 0 38 36 1
1462391199 11084 201 5245 0 0 0 1411 0 1 75 0 38 36 1
1462391213 11084 201 5246 0 0 0 1411 0 1 75 0 38 36 1
1462391226 11084 201 5246 0 0 0 1411 0 1 75 0 38 36 1
1462391249 11084 201 5250 0 0 0 1411 0 1 75 0 38 36 1
1462407393 11125 201 5250 0 0 0 1411 0 1 75 0 38 36 1
1462450112 11137 201 5250 0 0 0 1411 0 1 75 0 38 36 1
1462450322 11137 201 5250 0 0 0 1411 0 1 75 0 38 36 1
1462450390 11137 201 5250 0 0 0 1411 0 1 75 0 38 36 1
1462450845 11141 201 5250 0 0 0 1411 0 1 75 0 38 36 1
1462459884 11141 201 5279 0 0 0 1411 0 1 75 0 38 36 1
1462459904 11141 201 5280 0 0 0 1411 0 1 75 0 38 36 1
1462459920 11141 201 5283 0 0 0 1411 0 1 75 0 38 36 1
1462459950 11141 201 5394 0 0 0 1411 0 1 75 0 38 36 1
1462460304 11141 201 5395 0 0 0 1411 0 1 75 0 38 36 1
1462461415 11141 201 5395 0 0 0 1411 0 1 75 0 38 36 1
1462461549 11141 201 5395 0 0 0 1411 0 1 75 0 38 36 1
1462463391 11141 201 5396 0 0 0 1411 0 1 75 0 38 36 1
1462463478 11141 201 5410 0 0 0 1411 0 1 75 0 38 36 1
1462473006 11141 201 5410 0 0 0 1411 0 1 75 0 38 36 1
1462474090 11141 201 5411 0 0 0 1411 0 1 75 0 38 36 1
1462475466 11141 201 5412 0 0 0 1411 0 1 75 0 38 36 1
1462476624 11141 201 5438 0 0 0 1411 0 1 75 0 38 36 1
1462476643 11141 201 5441 0 0 0 1411 0 1 75 0 38 36 1
1462476979 11141 201 5441 0 0 0 1411 0 1 75 0 38 36 1
1462477046 11141 201 5443 0 0 0 1411 0 1 75 0 38 36 1
1462477264 11141 201 5444 0 0 0 1411 0 1 75 0 38 36 1
1462479818 11141 201 5445 0 0 0 1411 0 1 75 0 38 36 1
1462479901 11141 201 5449 0 0 0 1411 0 1 75 0 38 36 1
1462480292 11141 201 5449 0 0 0 1411 0 1 75 0 38 36 1
1462480425 11141 201 5449 0 0 0 1411 0 1 75 0 38 36 1
1462480446 11141 201 5449 0 0 0 1411 0 1 75 0 38 36 1
1462486334 11141 201 5450 0 0 0 1411 0 1 75 0 38 36 1
1462537646 11141 201 5450 0 0 0 1411 0 1 75 0 38 36 1
1462538084 11141 201 5450 0 0 0 1411 0 1 75 0 38 36 1
1462538123 11191 201 5450 0 0 0 1411 0 1 75 0 38 36 1
1462539746 11191 201 5450 0 0 0 1411 0 1 75 0 38 36 1
1462545137 11191 201 5450 0 0 0 1411 0 1 75 0 38 36 1
1462545237 11191 201 5452 0 0 0 1411 0 1 75 0 38 36 1
1462547397 11191 201 5469 0 0 0 1411 0 1 75 0 38 36 1
1462549360 11191 201 5469 0 0 0 1411 0 1 75 0 38 36 1
1462638363 11191 201 5469 0 0 0 1411 0 1 75 1 38 36 1
1462642800 11191 201 5469 0 0 0 1411 0 1 75 1 38 36 1
1462906238 11191 201 5472 0 0 0 1411 0 1 75 1 38 36 1
1463146441 11191 201 5472 0 0 0 1413 0 1 75 1 38 36 1
1463160580 11191 201 5472 0 0 0 1513 0 1 75 1 38 36 1
1463166717 11191 201 5474 0 0 0 1513 0 1 75 1 38 36 1
1463363866 11191 205 5474 0 0 0 1513 0 1 75 1 38 36 1
1463365040 11191 276 5474 0 0 0 1513 0 1 75 1 38 36 1
1463365743 11191 324 5474 0 0 0 1513 0 1 75 1 38 36 1
1463399912 11191 324 5474 0 0 0 1513 0 1 75 1 38 36 1
1463406751 11191 324 5474 0 0 0 1513 0 1 75 1 38 36 1
1463478867 11191 330 5474 0 0 0 1513 0 1 75 1 38 36 1
1463485756 11191 330 5474 0 0 0 1513 0 1 75 1 38 36 1
1463485765 11191 330 5474 0 0 0 1513 0 1 75 1 38 36 1
1463486508 11193 330 5474 0 0 0 1513 0 1 75 1 38 36 1
1463500397 11193 330 5476 0 0 0 1513 0 1 75 1 38 36 1
1463500420 11193 330 5479 0 0 0 1513 0 1 75 1 38 36 1
1463505048 11193 330 5490 0 0 0 1513 0 1 75 1 38 36 1
1463511846 11193 330 5491 0 0 0 1513 0 1 75 1 38 36 1
1463511895 11193 330 5504 0 0 0 1513 0 1 75 1 38 36 1
1463511928 11193 330 5505 0 0 0 1513 0 1 75 1 38 36 1
1463511974 11193 330 5507 0 0 0 1513 0 1 75 1 38 36 1
1463512661 11193 330 5508 0 0 0 1513 0 1 75 1 38 36 1
1463512746 11193 330 5511 0 0 0 1513 0 1 75 1 38 36 1
1463512770 11193 330 5517 0 0 0 1513 0 1 75 1 38 36 1
1463512787 11193 330 5524 0 0 0 1513 0 1 75 1 38 36 1
1463513477 11193 330 5573 0 0 0 1513 0 1 75 1 38 36 1
1463513825 11193 330 5573 0 0 0 1513 0 1 75 1 38 36 1
1463514014 11193 330 5574 0 0 0 1513 0 1 75 1 38 36 1
1463514550 11193 330 5587 0 0 0 1513 0 1 75 1 38 36 1
1463514599 11193 330 5588 0 0 0 1513 0 1 75 1 38 36 1
1463592771 11193 330 5589 0 0 0 1513 0 1 75 1 38 36 1
1463592848 11193 330 5604 0 0 0 1513 0 1 75 1 38 36 1
1463871936 11193 330 5606 0 0 0 1513 0 1 75 1 38 36 1
1463872405 11193 330 5607 0 0 0 1513 0 1 75 1 38 36 1
1463872739 11193 330 5607 0 0 0 1513 0 1 75 1 38 36 1
1463958749 11193 330 5607 0 0 0 1513 0 1 75 1 38 36 1
1463958763 11193 330 5607 0 0 0 1513 0 1 75 1 38 36 1
1464895295 11193 330 5687 0 0 0 1513 0 1 75 1 38 36 1
1464895309 11193 330 5688 0 0 0 1513 0 1 75 1 38 36 1
1464896837 11193 330 5691 0 0 0 1513 0 1 75 1 38 36 1
1464896862 11193 330 5734 0 0 0 1513 0 1 75 1 38 36 1
1464896913 11193 330 5734 0 0 0 1513 0 1 75 1 38 36 1
1464896965 11193 330 5734 0 0 0 1513 0 1 75 1 38 36 1
1464897248 11193 330 5740 0 0 0 1513 0 1 75 1 38 36 1
1464897274 11193 330 5741 0 0 0 1513 0 1 75 1 38 36 1
1465636049 11193 336 5741 0 0 0 1513 0 1 75 1 38 36 1
1465639437 11193 415 5741 0 0 0 1513 0 1 75 1 38 36 1
1465641501 11193 516 5741 0 0 0 1513 0 1 75 1 38 36 1
1465642739 11193 543 5741 0 0 0 1513 0 1 75 1 38 36 1
1465644461 11193 573 5741 0 0 0 1513 0 1 75 1 38 36 1
1465644504 11193 613 5741 0 0 0 1513 0 1 75 1 38 36 1
1465674638 11193 718 5741 0 0 0 1513 0 1 75 1 38 36 1
1465674671 11193 719 5741 0 0 0 1513 0 1 75 1 38 36 1
1465682373 11193 831 5741 0 0 0 1513 0 1 75 1 38 36 1
1465682403 11193 833 5741 0 0 0 1513 0 1 75 1 38 36 1
1465731996 11193 867 5741 0 0 0 1513 0 1 75 1 38 36 1
1465732031 11193 903 5741 0 0 0 1513 0 1 75 1 38 36 1
1465732068 11193 912 5741 0 0 0 1513 0 1 75 1 38 36 1
1465733088 11193 941 5741 0 0 0 1513 0 1 75 1 38 36 1
1465733266 11193 944 5741 0 0 0 1513 0 1 75 1 38 36 1
1465773155 11193 961 5741 0 0 0 1513 0 1 75 1 38 36 1
1465773195 11193 963 5741 0 0 0 1513 0 1 75 1 38 36 1
1465808486 11193 996 5741 0 0 0 1513 0 1 75 1 38 36 1
1465809172 11193 1003 5741 0 0 0 1513 0 1 75 1 38 36 1
1465810338 11193 1183 5741 0 0 0 1513 0 1 75 1 38 36 1
1465819005 11193 1262 5741 0 0 0 1513 0 1 75 1 38 36 1
1465819015 11193 1403 5741 0 0 0 1513 0 1 75 1 38 36 1
1465854666 11193 1404 5741 0 0 0 1513 0 1 75 1 38 36 1
1465854685 11193 1555 5741 0 0 0 1513 0 1 75 1 38 36 1
1465895677 11193 1556 5741 0 0 0 1513 0 1 75 1 38 36 1
1465901891 11193 1941 5741 0 0 0 1513 0 1 75 1 38 36 1
1465903238 11193 1995 5741 0 0 0 1513 0 1 75 1 38 36 1
1465931392 11193 2486 5741 0 0 0 1513 0 1 75 1 38 36 1
1465931418 11193 2487 5741 0 0 0 1513 0 1 75 1 38 36 1
1465932108 11193 2502 5741 0 0 0 1513 0 1 75 1 38 36 1
1465983200 11193 2503 5741 0 0 0 1513 0 1 75 1 38 36 1
1465984252 11193 2578 5741 0 0 0 1513 0 1 75 1 38 36 1
1465986979 11193 2664 5741 0 0 0 1513 0 1 75 1 38 36 1
1465987281 11193 2669 5741 0 0 0 1513 0 1 75 1 38 36 1
1465987767 11193 2755 5741 0 0 0 1513 0 1 75 1 38 36 1
1465988419 11193 2761 5741 0 0 0 1513 0 1 75 1 38 36 1
1465988588 11193 2761 5741 0 0 0 1513 0 1 75 1 38 36 1
1465989351 11193 2794 5741 0 0 0 1513 0 1 75 1 38 36 1
1465989814 11193 2811 5741 0 0 0 1513 0 1 75 1 38 36 1
1465990028 11193 2825 5741 0 0 0 1513 0 1 75 1 38 36 1
1465992517 11193 2900 5741 0 0 0 1513 0 1 75 1 38 36 1
1465995433 11193 2933 5741 0 0 0 1513 0 1 75 1 38 36 1
1465995448 11193 3026 5741 0 0 0 1513 0 1 75 1 38 36 1
1466070484 11193 3126 5741 0 0 0 1513 0 1 75 1 38 36 1
1466071596 11193 3136 5741 0 0 0 1513 0 1 75 1 38 36 1
1466078484 11193 3284 5741 0 0 0 1513 0 1 75 1 38 36 1
1466078865 11193 3290 5741 0 0 0 1513 0 1 75 1 38 36 1
1466078892 11193 3291 5741 0 0 0 1513 0 1 75 1 38 36 1
1466239912 11193 3291 5741 0 0 0 1513 0 1 75 1 38 36 1
1466240228 11193 3291 5741 0 0 0 1513 0 1 75 1 38 36 1
1466248854 11193 3344 5741 0 0 0 1513 0 1 75 1 38 36 1
1466282574 11193 3454 5741 0 0 0 1513 0 1 75 1 38 36 1
1466325447 11193 3556 5741 0 0 0 1513 0 1 75 1 38 36 1
1466326229 11193 3570 5741 0 0 0 1513 0 1 75 1 38 36 1
1466327476 11193 3612 5741 0 0 0 1513 0 1 75 1 38 36 1
1466336012 11193 3979 5741 0 0 0 1513 0 1 75 1 38 36 1
1466336934 11193 4320 5741 0 0 0 1513 0 1 75 1 38 36 1
1466357043 11193 4468 5741 0 0 0 1513 0 1 75 1 38 36 1
1466365767 11193 4628 5741 0 0 0 1513 0 1 75 1 38 36 1
1466382883 11193 4828 5741 0 0 0 1513 0 1 75 1 38 36 1
1466411077 11193 4882 5741 0 0 0 1513 0 1 75 1 38 36 1
1466411924 11193 4898 5741 0 0 0 1513 0 1 75 1 38 36 1
1466412789 11193 4963 5741 0 0 0 1513 0 1 75 1 38 36 1
1466412901 11193 4965 5741 0 0 0 1513 0 1 75 1 38 36 1
1466413115 11193 4975 5741 0 0 0 1513 0 1 75 1 38 36 1
1466417371 11193 5016 5741 0 0 0 1513 0 1 75 1 38 36 1
1466420444 11193 5049 5741 0 0 0 1513 0 1 75 1 38 36 1
1466421163 11193 5064 5741 0 0 0 1513 0 1 75 1 38 36 1
1466422156 11193 5064 5741 0 0 0 1513 0 1 75 1 38 36 1
1466422627 11193 5069 5741 0 0 0 1513 0 1 75 1 38 36 1
1466423182 11193 5078 5741 0 0 0 1513 0 1 75 1 38 36 1
1466427542 11193 5086 5741 0 0 0 1513 0 1 75 1 38 36 1
1466500466 11193 5110 5741 0 0 0 1513 0 1 75 1 38 36 1
1466501420 11193 5115 5741 0 0 0 1513 0 1 75 1 38 36 1
1466502671 11193 5130 5741 0 0 0 1513 0 1 75 1 38 36 1
1466505731 11193 5224 5741 0 0 0 1513 0 1 75 1 38 36 1
1466506396 11193 5258 5741 0 0 0 1513 0 1 75 1 38 36 1
1466506995 11193 5291 5741 0 0 0 1513 0 1 75 1 38 36 1
1466525172 11193 5308 5741 0 0 0 1513 0 1 75 1 38 36 1
1466530771 11193 5313 5741 0 0 0 1513 0 1 75 1 38 36 1
1466532548 11193 5461 5741 0 0 0 1513 0 1 75 1 38 36 1
1466533432 11193 5475 5741 0 0 0 1513 0 1 75 1 38 36 1
1466534456 11193 5479 5741 0 0 0 1513 0 1 75 1 38 36 1
1466536832 11193 5606 5741 0 0 0 1513 0 1 75 1 38 36 1
1466537084 11193 5612 5741 0 0 0 1513 0 1 75 1 38 36 1
1466538346 11193 5797 5741 0 0 0 1513 0 1 75 1 38 36 1
1466538631 11193 5896 5741 0 0 0 1513 0 1 75 1 38 36 1
1466539011 11193 5903 5741 0 0 0 1513 0 1 75 1 38 36 1
1466540198 11193 6029 5741 0 0 0 1513 0 1 75 1 38 36 1
1466542096 11193 6101 5741 0 0 0 1513 0 1 75 1 38 36 1
1466542115 11193 6196 5741 0 0 0 1513 0 1 75 1 38 36 1
1466542472 11193 6242 5741 0 0 0 1513 0 1 75 1 38 36 1
1466551853 11193 6242 5741 0 0 0 1513 0 1 75 1 38 36 1
1466553131 11193 6450 5741 0 0 0 1513 0 1 75 1 38 36 1
1466553324 11193 6451 5741 0 0 0 1513 0 1 75 1 38 36 1
1466553604 11193 6471 5741 0 0 0 1513 0 1 75 1 38 36 1
1466553852 11193 6526 5741 0 0 0 1513 0 1 75 1 38 36 1
1466555336 11193 6684 5741 0 0 0 1513 0 1 75 1 38 36 1
1466577188 11193 6695 5741 0 0 0 1513 0 1 75 1 38 36 1
1466578745 11193 6703 5741 0 0 0 1513 0 1 75 1 38 36 1
1466581840 11193 6713 5741 0 0 0 1513 0 1 75 1 38 36 1
1466589550 11193 6729 5741 0 0 0 1513 0 1 75 1 38 36 1
1466593603 11193 6752 5741 0 0 0 1513 0 1 75 1 38 36 1
1466593631 11193 6803 5741 0 0 0 1513 0 1 75 1 38 36 1
1466596333 11193 6810 5741 0 0 0 1513 0 1 75 1 38 36 1
1466598123 11193 6830 5741 0 0 0 1513 0 1 75 1 38 36 1
1466601153 11193 6835 5741 0 0 0 1513 0 1 75 1 38 36 1
1466603220 11193 6851 5741 0 0 0 1513 0 1 75 1 38 36 1
1466604556 11193 6878 5741 0 0 0 1513 0 1 75 1 38 36 1
1466620122 11193 6953 5741 0 0 0 1513 0 1 75 1 38 36 1
1466779772 11198 6953 5741 0 0 0 1513 0 1 75 1 38 36 1
1466779839 11201 6953 5741 0 0 0 1513 0 1 75 1 38 36 1
1466780037 11643 6953 5741 0 0 0 1513 0 1 75 1 38 36 1
1466780058 12550 6953 5741 0 0 0 1513 0 1 75 1 38 36 1
1466780538 12552 6953 5741 0 0 0 1513 0 1 75 1 38 36 1
1466957558 12552 6956 5741 0 0 0 1513 0 1 75 1 38 36 1
1467015511 12552 6960 5741 0 0 0 1513 0 1 75 1 38 36 1
1467019557 12552 6975 5741 0 0 0 1513 0 1 75 1 38 36 1
1467021217 12552 6977 5741 0 0 0 1513 0 1 75 1 38 36 1
1467021238 12552 6994 5741 0 0 0 1513 0 1 75 1 38 36 1
1467021945 12552 7021 5741 0 0 0 1513 0 1 75 1 38 36 1
1467026879 12552 7026 5741 0 0 0 1513 0 1 75 1 38 36 1
1467028696 12552 7037 5741 0 0 0 1513 0 1 75 1 38 36 1
1467043066 12552 7037 5741 0 0 0 1513 0 1 75 1 38 36 1
1467043111 12552 7037 5741 0 0 0 1513 0 1 75 1 38 36 1
1467043161 12552 7038 5741 0 0 0 1513 0 1 75 1 38 36 1
1467107821 12552 7038 5741 0 0 0 1513 0 1 75 1 38 36 1
1467109629 12552 7128 5741 0 0 0 1513 0 1 75 1 38 36 1
1467109887 12552 7149 5741 0 0 0 1513 0 1 75 1 38 36 1
1467110167 12552 7172 5741 0 0 0 1513 0 1 75 1 38 36 1
1467119524 12552 7400 5741 0 0 0 1513 0 1 75 1 38 36 1
1467119541 12552 7403 5741 0 0 0 1513 0 1 75 1 38 36 1
1467119992 12552 7403 5741 0 0 0 1513 0 1 75 1 38 36 1
1467196869 12552 7726 5741 0 0 0 1513 0 1 75 1 38 36 1
1467197683 12552 7729 5741 0 0 0 1513 0 1 75 1 38 36 1
1467198987 12552 7746 5741 0 0 0 1513 0 1 75 1 38 36 1
1467204697 12552 7866 5741 0 0 0 1513 0 1 75 1 38 36 1
1467213895 12552 7866 5741 0 0 0 1513 0 1 75 1 38 36 1
1467213911 12553 7866 5741 0 0 0 1513 0 1 75 1 38 36 1
1467213939 12571 7866 5741 0 0 0 1513 0 1 75 1 38 36 1
1467215653 12571 7892 5741 0 0 0 1513 0 1 75 1 38 36 1
1467215670 12571 7964 5741 0 0 0 1513 0 1 75 1 38 36 1
1467226622 12571 7964 5741 0 0 0 1513 0 1 75 1 38 36 1
1467237187 12571 7964 5741 0 0 0 1513 0 1 75 1 38 36 1
1467238414 12571 7964 5741 0 0 0 1513 0 1 75 1 38 36 1
1467238478 12571 7964 5741 0 0 0 1513 0 1 75 1 38 36 1
1467238610 12571 7964 5741 0 0 0 1513 0 1 75 1 38 36 1
1467240252 12571 8093 5741 0 0 0 1513 0 1 75 1 38 36 1
1467241950 12571 8093 5741 0 0 0 1513 0 1 75 1 38 36 1
1467242073 12571 8093 5741 0 0 0 1513 0 1 75 1 38 36 1
1467295931 12571 8101 5741 0 0 0 1513 0 1 75 1 38 36 1
1467298989 12571 8101 5741 0 0 0 1513 0 1 75 1 38 36 1
1467305797 12572 8101 5741 0 0 0 1513 0 1 75 1 38 36 1
1467305819 12573 8101 5741 0 0 0 1513 0 1 75 1 38 36 1
1467305859 12655 8101 5741 0 0 0 1513 0 1 75 1 38 36 1
1467378940 12655 8101 5741 0 0 0 1513 0 1 75 1 38 36 1
1467400989 12663 8101 5741 0 0 0 1513 0 1 75 1 38 36 1
1467832373 12663 8103 5741 0 0 0 1513 0 1 75 1 38 36 1
1467880257 12663 8103 5741 0 0 0 1513 0 1 75 1 38 36 1
1467920106 12664 8103 5741 0 0 0 1513 0 1 75 1 38 36 1
1467920123 12665 8103 5741 0 0 0 1513 0 1 75 1 38 36 1
1467920136 12668 8103 5741 0 0 0 1513 0 1 75 1 38 36 1
1467920530 12673 8103 5741 0 0 0 1513 0 1 75 1 38 36 1
1467942883 12673 8108 5741 0 0 0 1513 0 1 75 1 38 36 1
1467960819 12673 8109 5741 0 0 0 1513 0 1 75 1 38 36 1
1467961391 12673 8118 5741 0 0 0 1513 0 1 75 1 38 36 1
1467961444 12673 8119 5741 0 0 0 1513 0 1 75 1 38 36 1
1467963820 12673 8124 5741 0 0 0 1513 0 1 75 1 38 36 1
1467963884 12673 8146 5741 0 0 0 1513 0 1 75 1 38 36 1
1467963922 12673 8154 5741 0 0 0 1513 0 1 75 1 38 36 1
1467966311 12673 8185 5741 0 0 0 1513 0 1 75 1 38 36 1
1467976443 12673 8189 5741 0 0 0 1513 0 1 75 1 38 36 1
1467980786 12675 8189 5741 0 0 0 1513 0 1 75 1 38 36 1
1467980826 12697 8189 5741 0 0 0 1513 0 1 75 1 38 36 1
1467984245 12697 8198 5741 0 0 0 1513 0 1 75 1 38 36 1
1467990233 12697 8198 5741 0 0 0 1513 0 1 75 1 38 36 1
1467990315 12697 8198 5741 0 0 0 1513 0 1 75 1 38 36 1
1467990511 12697 8198 5741 0 0 0 1513 0 1 75 1 38 36 1
1467990746 12698 8198 5741 0 0 0 1513 0 1 75 1 38 36 1
1467990783 12699 8198 5741 0 0 0 1513 0 1 75 1 38 36 1
1467990795 12700 8198 5741 0 0 0 1513 0 1 75 1 38 36 1
1467991184 12700 8198 5741 0 0 0 1513 0 1 75 1 38 36 1
1468422646 12701 8198 5741 0 0 0 1513 0 1 75 1 38 36 1
1468432852 12701 8307 5741 0 0 0 1513 0 1 75 1 38 36 1
1468436677 12701 8315 5741 0 0 0 1513 0 1 75 1 38 36 1
1468593709 12701 8315 5741 0 0 0 1513 0 1 75 1 38 36 1
1468619104 12701 8316 5741 0 0 0 1513 0 1 75 1 38 36 1
1468619126 12701 8345 5741 0 0 0 1513 0 1 75 1 38 36 1
1468666116 12701 8359 5741 0 0 0 1513 0 1 75 1 38 36 1
1468666761 12701 8368 5741 0 0 0 1513 0 1 75 1 38 36 1
1468667133 12701 8368 5741 0 0 0 1513 0 1 75 1 38 36 1
1468667210 12701 8368 5741 0 0 0 1513 0 1 75 1 38 36 1
1468670271 12701 8397 5741 0 0 0 1513 0 1 75 1 38 36 1
1468670893 12701 8403 5741 0 0 0 1513 0 1 75 1 38 36 1
1468671224 12701 8403 5741 0 0 0 1513 0 1 75 1 38 36 1
1468704802 12739 8403 5741 0 0 0 1513 0 1 75 1 38 36 1
1468704853 12745 8403 5741 0 0 0 1513 0 1 75 1 38 36 1
1468704895 12832 8403 5741 0 0 0 1513 0 1 75 1 38 36 1
1468717416 12832 8411 5741 0 0 0 1513 0 1 75 1 38 36 1
1468749855 12832 8412 5741 0 0 0 1513 0 1 75 1 38 36 1
1468762655 12832 8415 5741 0 0 0 1513 0 1 75 1 38 36 1
1468763074 12832 8415 5741 0 0 0 1513 0 1 75 1 38 36 1
1468763177 12832 8420 5741 0 0 0 1513 0 1 75 1 38 36 1
1468775521 12842 8420 5741 0 0 0 1513 0 1 75 1 38 36 1
1468863972 12842 8420 5741 0 0 0 1514 0 1 75 1 38 36 1
1468871842 12842 8420 5741 0 0 0 1515 0 1 75 1 38 36 1
1468931328 12842 8420 5741 0 0 0 1515 0 1 75 1 38 36 1
1469025460 12842 8420 5741 0 0 0 1515 0 1 75 1 38 36 1
1469025484 12842 8420 5741 0 0 0 1515 0 1 75 1 38 36 1
1469026716 12844 8420 5741 0 0 0 1515 0 1 75 1 38 36 1
1469099399 12844 8420 5741 0 0 0 1515 0 1 75 1 38 36 1
1469101402 12844 8420 5741 0 0 0 1515 0 1 75 1 38 36 1
1469105016 12844 8498 5741 0 0 0 1515 0 1 75 1 38 36 1
1469106975 12844 8582 5741 0 0 0 1515 0 1 75 1 38 36 1
1469108410 12844 8584 5741 0 0 0 1515 0 1 75 1 38 36 1
1469110706 12844 8597 5741 0 0 0 1515 0 1 75 1 38 36 1
1469112658 12844 8608 5741 0 0 0 1515 0 1 75 1 38 36 1
1469113662 12844 8614 5741 0 0 0 1515 0 1 75 1 38 36 1
1469115288 12844 8618 5741 0 0 0 1515 0 1 75 1 38 36 1
1469116109 12844 8619 5741 0 0 0 1515 0 1 75 1 38 36 1
1469117024 12844 8628 5741 0 0 0 1515 0 1 75 1 38 36 1
1469117115 12844 8628 5741 0 0 0 1515 0 1 75 1 38 36 1
1469117811 12844 8635 5741 0 0 0 1515 0 1 75 1 38 36 1
1469503446 12844 8635 5741 17 0 0 1515 0 1 75 1 38 36 1
1469542017 12846 8635 5741 17 0 0 1515 0 1 75 1 38 36 1
1469542039 12847 8635 5741 17 0 0 1515 0 1 75 1 38 36 1
1469548165 12847 8635 5741 17 0 0 1515 0 1 75 1 38 36 1
1469548173 12847 8635 5741 17 0 0 1515 0 1 75 1 38 36 1
1469548488 12848 8635 5741 17 0 0 1515 0 1 75 1 38 36 1
1470410052 12848 8635 5741 17 0 0 1519 0 1 75 1 38 36 1
1470667445 12848 8635 5741 17 0 0 1520 0 1 75 1 38 36 1
1470668788 12848 8635 5741 17 0 0 1520 0 1 75 1 38 36 1
1470756917 12856 8635 5741 17 0 0 1520 0 1 75 1 38 36 1
1470757478 12859 8635 5741 17 0 0 1520 0 1 75 1 38 36 1
1470757528 12860 8635 5741 17 0 0 1520 0 1 75 1 38 36 1
1470766699 12861 8635 5741 17 0 0 1520 0 1 75 1 38 36 1
1470771904 12861 8635 5741 17 0 0 1520 0 1 75 1 38 36 1
1470880640 12861 8651 5741 17 0 0 1520 0 1 75 1 38 36 1
1470881097 12861 8652 5741 17 0 0 1520 0 1 75 1 38 36 1
1470881766 12861 8652 5741 17 0 0 1520 0 1 75 1 38 36 1
1470881780 12861 8652 5741 17 0 0 1520 0 1 75 1 38 36 1
1470882154 12861 8660 5741 17 0 0 1520 0 1 75 1 38 36 1
1470914205 12861 8662 5741 17 0 0 1520 0 1 75 1 38 36 1
1470915512 12861 8662 5741 17 0 0 1520 0 1 75 1 38 36 1
1470915645 12861 8666 5741 17 0 0 1520 0 1 75 1 38 36 1
1470915683 12861 8666 5741 17 0 0 1520 0 1 75 1 38 36 1
1470999994 12861 8672 5741 17 0 0 1520 0 1 75 1 38 36 1
1471001065 12861 8672 5741 17 0 0 1520 0 1 75 1 38 36 1
1471793424 12861 8676 5741 17 0 0 1520 0 1 75 1 38 36 1
1471793991 12861 8692 5741 17 0 0 1520 0 1 75 1 38 36 1
1471796410 12861 8692 5741 17 0 0 1520 0 1 75 1 38 36 1
1471796461 12861 8693 5741 17 0 0 1520 0 1 75 1 38 36 1
1471812664 12861 8703 5741 17 0 0 1520 0 1 75 1 38 36 1
1471813595 12861 8703 5741 17 0 0 1520 0 1 75 1 38 36 1
1471813838 12861 8708 5741 17 0 0 1520 0 1 75 1 38 36 1
1471853112 12861 8712 5741 17 0 0 1520 0 1 75 1 38 36 1
1471854751 12861 8716 5741 17 0 0 1520 0 1 75 1 38 36 1
1471869204 12861 8716 5741 27 0 0 1520 0 1 75 1 38 36 1
1472010561 12861 8730 5741 27 0 0 1520 0 1 75 1 38 36 1
1472010679 12861 8731 5741 27 0 0 1520 0 1 75 1 38 36 1
1472232330 12865 8731 5741 27 0 0 1520 0 1 75 1 38 36 1
1472232353 12993 8731 5741 27 0 0 1520 0 1 75 1 38 36 1
1472235820 12998 8731 5741 27 0 0 1520 0 1 75 1 38 36 1
1472473388 13029 8731 5741 27 0 0 1520 0 1 75 1 38 36 1
1472473419 13070 8731 5741 27 0 0 1520 0 1 75 1 38 36 1
1472474320 13070 8731 5741 27 0 0 1520 0 1 75 1 38 36 1
1472474493 13075 8731 5741 27 0 0 1520 0 1 75 1 38 36 1
1472476077 13104 8731 5741 27 0 0 1520 0 1 75 1 38 36 1
1472482350 13110 8731 5741 27 0 0 1520 0 1 75 1 38 36 1
1472482370 13334 8731 5741 27 0 0 1520 0 1 75 1 38 36 1
1472484004 13353 8731 5741 27 0 0 1520 0 1 75 1 38 36 1
1472484017 13501 8731 5741 27 0 0 1520 0 1 75 1 38 36 1
1472484331 13501 8731 5741 27 0 0 1520 0 1 75 1 38 36 1
1472490430 13535 8731 5741 27 0 0 1520 0 1 75 1 38 36 1
1472490573 13545 8731 5741 27 0 0 1520 0 1 75 1 38 36 1
1472490720 13549 8731 5741 27 0 0 1520 0 1 75 1 38 36 1
1472497231 13549 8731 6009 27 0 0 1520 0 1 75 1 38 36 1
1472569039 13549 8731 6010 27 0 0 1520 0 1 75 1 38 36 1
1472572335 13586 8731 6010 27 0 0 1520 0 1 75 1 38 36 1
1472572355 13599 8731 6010 27 0 0 1520 0 1 75 1 38 36 1
1472572385 13605 8731 6010 27 0 0 1520 0 1 75 1 38 36 1
1472578475 13605 8731 6011 27 0 0 1520 0 1 75 1 38 36 1
1472646351 13605 8731 6011 582 0 0 1520 0 1 75 1 38 36 1
1472649644 13605 8731 6011 582 0 0 1520 0 1 75 1 38 36 1
1472651759 13605 8731 6011 583 0 0 1520 0 1 75 1 38 36 1
1472656227 13605 8731 6011 583 0 0 1520 0 1 75 1 38 36 1
1472656245 13605 8731 6011 583 0 0 1520 0 1 75 1 38 36 1
1472663666 13605 8731 6011 596 0 0 1520 0 1 75 1 38 36 1
1472670042 13605 8731 6011 624 0 0 1520 0 1 75 1 38 36 1
1472670252 13605 8731 6011 680 0 0 1520 0 1 75 1 38 36 1
1472743449 13605 8731 6011 746 0 0 1520 0 1 75 1 38 36 1
1472752982 13611 8731 6011 746 0 0 1520 0 1 75 1 38 36 1
1472816201 13611 8731 6011 763 0 0 1520 0 1 75 1 38 36 1
1472816343 13611 8731 6011 836 0 0 1520 0 1 75 1 38 36 1
1472816401 13611 8731 6011 947 0 0 1520 0 1 75 1 38 36 1
1472899626 13611 8737 6011 947 0 0 1520 0 1 75 1 38 36 1
1472900284 13611 8738 6011 947 0 0 1520 0 1 75 1 38 36 1
1472900303 13611 8743 6011 947 0 0 1520 0 1 75 1 38 36 1
1472900771 13611 8754 6011 947 0 0 1520 0 1 75 1 38 36 1
1472901195 13611 8754 6011 947 0 0 1520 0 1 75 1 38 36 1
1472901243 13611 8755 6011 947 0 0 1520 0 1 75 1 38 36 1
1472995103 13611 8755 6011 947 0 0 1520 0 1 75 1 38 36 1
1473132358 13611 8755 6011 1003 0 0 1520 0 1 75 1 38 36 1
1473132429 13611 8755 6011 1195 0 0 1520 0 1 75 1 38 36 1
1473132967 13611 8755 6011 1196 0 0 1520 0 1 75 1 38 36 1
1473171540 13611 8755 6011 1196 0 0 1520 0 1 75 1 38 36 1
1473172194 13622 8755 6011 1196 0 0 1520 0 1 75 1 38 36 1
1473177113 13622 8755 6011 1203 0 0 1520 0 1 75 1 38 36 1
1473253319 13622 8755 6011 1203 0 0 1520 0 1 75 1 38 36 1
1473254338 13622 8755 6011 1204 0 0 1520 0 1 75 1 38 36 1
1473259363 13622 8755 6011 1204 0 0 1520 0 1 75 1 38 36 1
1473259770 13622 8755 6011 1204 0 0 1520 0 1 75 1 38 36 1
1473277533 13622 8755 6374 1204 0 0 1520 0 1 75 1 38 36 1
1473277559 13622 8755 6392 1204 0 0 1520 0 1 75 1 38 36 1
1473343511 13622 8755 6392 1272 0 0 1520 0 1 75 1 38 36 1
1473348302 13622 8755 6392 1273 0 0 1520 0 1 75 1 38 36 1
1473348342 13622 8755 6392 1326 0 0 1520 0 1 75 1 38 36 1
1473349018 13622 8755 6392 1326 0 0 1520 0 1 75 1 38 36 1
1473350157 13622 8755 6392 1326 0 0 1520 0 1 75 1 38 36 1
1473683796 13622 8755 6392 1326 0 0 1520 0 1 75 1 38 36 1
1473690996 13622 8756 6392 1326 0 0 1520 0 1 75 1 38 36 1
1473859767 13625 8756 6392 1326 0 0 1520 0 1 75 1 38 36 1
1473860766 13625 8756 6392 1326 0 0 1520 0 1 75 1 38 36 1
1473860786 13643 8756 6392 1326 0 0 1520 0 1 75 1 38 36 1
1473876579 13657 8756 6392 1326 0 0 1520 0 1 75 1 38 36 1
1474200663 13657 9152 6392 1326 0 0 1520 0 1 75 1 38 36 1
1474203778 13657 9153 6392 1326 0 0 1520 0 1 75 1 38 36 1
1474203799 13657 9176 6392 1326 0 0 1520 0 1 75 1 38 36 1
1474205123 13657 9265 6392 1326 0 0 1520 0 1 75 1 38 36 1
1474207806 13657 9323 6392 1326 0 0 1520 0 1 75 1 38 36 1
1474208857 13657 9395 6392 1326 0 0 1520 0 1 75 1 38 36 1
1474210969 13657 9448 6392 1326 0 0 1520 0 1 75 1 38 36 1
1474216362 13657 9499 6392 1326 0 0 1520 0 1 75 1 38 36 1
1474216813 13657 9499 6392 1326 0 0 1520 0 1 75 1 38 36 1
1474217260 13657 9507 6392 1326 0 0 1520 0 1 75 1 38 36 1
1474309534 13657 9507 6392 1326 0 0 1522 0 1 75 1 38 36 1
1474557895 13657 9507 6392 1353 0 0 1522 0 1 75 1 38 36 1
1474558926 13657 9507 6392 1384 0 0 1522 0 1 75 1 38 36 1
1474567251 13657 9507 6392 1416 0 0 1522 0 1 75 1 38 36 1
1474568085 13657 9507 6392 1420 0 0 1522 0 1 75 1 38 36 1
1474568790 13657 9507 6392 1455 0 0 1522 0 1 75 1 38 36 1
1474613411 13657 9507 6392 1455 0 0 1522 0 1 75 1 38 36 1
1474640699 13657 9507 6392 1479 0 0 1522 0 1 75 1 38 36 1
1474641183 13657 9507 6392 1480 0 0 1522 0 1 75 1 38 36 1
1474641389 13657 9507 6392 1498 0 0 1522 0 1 75 1 38 36 1
1474642478 13657 9507 6392 1532 0 0 1522 0 1 75 1 38 36 1
1474643188 13657 9507 6392 1532 0 0 1522 0 1 75 1 38 36 1
1474643541 13658 9507 6392 1532 0 0 1522 0 1 75 1 38 36 1
1474646730 13658 9507 6392 1533 0 0 1522 0 1 75 1 38 36 1
1474647044 13658 9507 6392 1539 0 0 1522 0 1 75 1 38 36 1
1474648234 13658 9507 6392 1540 0 0 1522 0 1 75 1 38 36 1
1474650445 13658 9507 6392 1541 0 0 1522 0 1 75 1 38 36 1
1474651009 13658 9507 6392 1542 0 0 1522 0 1 75 1 38 36 1
1474651133 13658 9507 6392 1546 0 0 1522 0 1 75 1 38 36 1
1474652763 13658 9507 6392 1547 0 0 1522 0 1 75 1 38 36 1
1474653431 13658 9507 6392 1548 0 0 1522 0 1 75 1 38 36 1
1474653485 13658 9507 6392 1548 0 0 1522 0 1 75 1 38 36 1
1474653970 13658 9507 6392 1548 0 0 1522 0 1 75 1 38 36 1
1474654083 13659 9507 6392 1548 0 0 1522 0 1 75 1 38 36 1
1474661594 13659 9507 6392 1549 0 0 1522 0 1 75 1 38 36 1
1474661856 13659 9507 6392 1550 0 0 1522 0 1 75 1 38 36 1
1474668035 13659 9507 6392 1550 0 0 1522 0 1 75 1 38 36 1
1474668197 13660 9507 6392 1550 0 0 1522 0 1 75 1 38 36 1
1474683562 13660 9542 6392 1550 0 0 1522 0 1 75 1 38 36 1
1474684304 13660 9555 6392 1550 0 0 1522 0 1 75 1 38 36 1
1474684575 13660 9557 6392 1550 0 0 1522 0 1 75 1 38 36 1
1474685007 13660 9565 6392 1550 0 0 1522 0 1 75 1 38 36 1
1474685182 13660 9566 6392 1550 0 0 1522 0 1 75 1 38 36 1
1474686367 13660 9566 6392 1550 0 0 1522 0 1 75 1 38 36 1
1474826051 13660 9566 6392 1648 0 0 1522 0 1 75 1 38 36 1
1474828517 13660 9566 6392 1854 0 0 1522 0 1 75 1 38 36 1
1474828785 13660 9566 6392 1950 0 0 1522 0 1 75 1 38 36 1
1474829400 13660 9566 6392 2081 0 0 1522 0 1 75 1 38 36 1
1474891163 13660 9566 6392 2083 0 0 1522 0 1 75 1 38 36 1
1474892037 13660 9566 6392 2269 0 0 1522 0 1 75 1 38 36 1
1474892568 13660 9566 6392 2271 0 0 1522 0 1 75 1 38 36 1
1474895652 13660 9566 6392 2288 0 0 1522 0 1 75 1 38 36 1
1474895807 13660 9566 6392 2291 0 0 1522 0 1 75 1 38 36 1
1474898819 13660 9566 6392 2333 0 0 1522 0 1 75 1 38 36 1
1474899131 13660 9566 6392 2360 0 0 1522 0 1 75 1 38 36 1
1474925012 13660 9566 6392 2389 0 0 1522 0 1 75 1 38 36 1
1474925614 13660 9566 6392 2418 0 0 1522 0 1 75 1 38 36 1
1474926175 13660 9566 6392 2445 0 0 1522 0 1 75 1 38 36 1
1474977499 13660 9566 6392 2445 0 0 1522 0 1 75 1 38 36 1
1474977985 13660 9566 6392 2447 0 0 1522 0 1 75 1 38 36 1
1474978159 13660 9566 6392 2448 0 0 1522 0 1 75 1 38 36 1
1474979212 13660 9566 6392 2448 0 0 1522 0 1 75 1 38 36 1
1474979502 13660 9566 6392 2448 0 0 1522 0 1 75 1 38 36 1
1474988918 13691 9566 6392 2448 0 0 1522 0 1 75 1 38 36 1
1474989822 13691 9566 6392 2487 0 0 1522 0 1 75 1 38 36 1
1474989899 13691 9566 6392 2503 0 0 1522 0 1 75 1 38 36 1
1475084539 13695 9566 6392 2503 0 0 1522 0 1 75 1 38 36 1
1475084567 13700 9566 6392 2503 0 0 1522 0 1 75 1 38 36 1
1475084579 13778 9566 6392 2503 0 0 1522 0 1 75 1 38 36 1
1475085284 13792 9566 6392 2503 0 0 1522 0 1 75 1 38 36 1
1475153311 13928 9566 6392 2503 0 0 1522 0 1 75 1 38 36 1
1475153343 13932 9566 6392 2503 0 0 1522 0 1 75 1 38 36 1
1475154573 13932 9566 6392 2503 0 0 1522 0 1 75 1 38 36 1
1475154596 13932 9566 6392 2503 0 0 1522 0 1 75 1 38 36 1
1475155004 13932 9566 6392 2503 0 0 1522 0 1 75 1 38 36 1
1475155093 13932 9566 6392 2503 0 0 1522 0 1 75 1 38 36 1
1475169256 13932 9566 6392 2624 0 0 1522 0 1 75 1 38 36 1
1475169574 13932 9566 6392 2624 0 0 1522 0 1 75 1 38 36 1
1475408535 13932 9566 6392 2653 0 0 1522 0 1 75 1 38 36 1
1475415985 13932 9566 6392 2718 0 0 1522 0 1 75 1 38 36 1
1475445856 13932 9566 6392 2740 0 0 1522 0 1 75 1 38 36 1
1475446599 13932 9566 6392 2764 0 0 1522 0 1 75 1 38 36 1
1475446978 13932 9566 6392 2769 0 0 1522 0 1 75 1 38 36 1
1475447980 13932 9566 6392 2783 0 0 1522 0 1 75 1 38 36 1
1475448695 13932 9566 6392 2796 0 0 1522 0 1 75 1 38 36 1
1475455349 13932 9566 6392 2796 0 0 1522 0 1 75 1 38 36 1
1475456780 13932 9566 6392 2803 0 0 1522 0 1 75 1 38 36 1
1475457498 13932 9566 6392 2829 0 0 1522 0 1 75 1 38 36 1
1475495390 13932 9566 6392 2829 0 0 1522 0 1 75 1 38 36 1
1475496311 13932 9566 6392 2829 0 0 1522 0 1 75 1 38 36 1
1475502288 13932 9566 6392 2829 0 0 1522 0 1 75 1 38 36 1
1475586366 14032 9566 6392 2829 0 0 1522 0 1 75 1 38 36 1
1475586377 14141 9566 6392 2829 0 0 1522 0 1 75 1 38 36 1
1475588764 14141 9566 6392 2829 0 0 1522 0 1 75 1 38 36 1
1475600719 14141 9566 6392 2830 0 0 1522 0 1 75 1 38 36 1
1475671472 14141 9566 6392 2830 1 0 1522 0 1 75 1 38 36 1
1475671541 14141 9566 6392 2830 2 0 1522 0 1 75 1 38 36 1
1475681283 14142 9566 6392 2830 2 0 1522 0 1 75 1 38 36 1
1475681302 14152 9566 6392 2830 2 0 1522 0 1 75 1 38 36 1
1475686975 14153 9566 6392 2830 2 0 1522 0 1 75 1 38 36 1
1475686989 14210 9566 6392 2830 2 0 1522 0 1 75 1 38 36 1
1475699124 14210 9566 6392 2830 2 0 1522 0 1 75 1 38 36 1
1475699177 14210 9566 6392 2892 2 0 1522 0 1 75 1 38 36 1
1475758526 14210 9566 6393 2892 2 0 1522 0 1 75 1 38 36 1
1475762760 14251 9566 6393 2892 2 0 1522 0 1 75 1 38 36 1
1475762862 14252 9566 6393 2892 2 0 1522 0 1 75 1 38 36 1
1475762878 14483 9566 6393 2892 2 0 1522 0 1 75 1 38 36 1
1475762967 14483 9566 6393 2892 2 0 1522 0 1 75 1 38 36 1
1475763186 14483 9566 6393 2892 2 0 1522 0 1 75 1 38 36 1
1475763804 14483 9566 6393 2892 2 0 1522 0 1 75 1 38 36 1
1475763901 14483 9566 6393 2892 2 0 1522 0 1 75 1 38 36 1
1475767009 14546 9566 6393 2892 2 0 1522 0 1 75 1 38 36 1
1475767025 14605 9566 6393 2892 2 0 1522 0 1 75 1 38 36 1
1475773731 14605 9566 6393 2892 2 0 1522 0 1 75 1 38 36 1
1475773768 14605 9566 6393 2892 2 0 1522 0 1 75 1 38 36 1
1475778759 14605 9566 6398 2892 2 0 1522 0 1 75 1 38 36 1
1475793179 14606 9566 6398 2892 2 0 1522 0 1 75 1 38 36 1
1475866765 14615 9566 6398 2892 2 0 1522 0 1 75 1 38 36 1
1476015800 14615 9566 6398 2896 2 0 1522 0 1 75 1 38 36 1
1476015859 14615 9566 6398 2919 2 0 1522 0 1 75 1 38 36 1
1476017857 14615 9566 6398 2939 2 0 1522 0 1 75 1 38 36 1
1476130989 14615 9566 6398 2954 2 0 1522 0 1 75 1 38 36 1
1476188282 14615 9566 6398 2958 2 0 1522 0 1 75 1 38 36 1
1476188339 14615 9566 6398 2979 2 0 1522 0 1 75 1 38 36 1
1476189825 14615 9566 6398 2979 2 0 1522 0 1 75 1 38 36 1
1476191533 14623 9566 6398 2979 2 0 1522 0 1 75 1 38 36 1
1476191548 14632 9566 6398 2979 2 0 1522 0 1 75 1 38 36 1
1476194178 14632 9566 6398 2981 2 0 1522 0 1 75 1 38 36 1
1476194211 14632 9566 6398 3007 2 0 1522 0 1 75 1 38 36 1
1476194248 14632 9566 6398 3022 2 0 1522 0 1 75 1 38 36 1
1476194278 14632 9566 6398 3051 2 0 1522 0 1 75 1 38 36 1
1476194288 14632 9566 6398 3051 2 0 1522 0 1 75 1 38 36 1
1476200056 14645 9566 6398 3051 2 0 1522 0 1 75 1 38 36 1
1476200065 14664 9566 6398 3051 2 0 1522 0 1 75 1 38 36 1
1476204643 14664 9566 6398 3051 2 0 1522 0 1 75 1 38 36 1
1476205044 14664 9566 6398 3051 2 0 1522 0 1 75 1 38 36 1
1476208476 14664 9566 6398 3051 2 0 1522 0 1 75 1 38 36 1
1476208861 14664 9566 6398 3051 2 0 1522 0 1 75 1 38 36 1
1476208959 14664 9566 6398 3051 2 0 1522 0 1 75 1 38 36 1
1476209503 14664 9572 6398 3051 2 0 1522 0 1 75 1 38 36 1
1476210210 14664 9575 6398 3051 2 0 1522 0 1 75 1 38 36 1
1476213312 14664 9584 6398 3051 2 0 1522 0 1 75 1 38 36 1
1476213383 14664 9595 6398 3051 2 0 1522 0 1 75 1 38 36 1
1476213411 14664 9598 6398 3051 2 0 1522 0 1 75 1 38 36 1
1476220959 14664 9696 6398 3051 2 0 1522 0 1 75 1 38 36 1
1476221017 14664 9700 6398 3051 2 0 1522 0 1 75 1 38 36 1
1476221630 14664 9704 6398 3051 2 0 1522 0 1 75 1 38 36 1
1476367717 14664 9704 6398 3052 2 0 1522 0 1 75 1 38 36 1
1476368104 14664 9704 6398 3057 2 0 1522 0 1 75 1 38 36 1
1476368528 14664 9704 6398 3092 2 0 1522 0 1 75 1 38 36 1
1476368577 14664 9704 6398 3148 2 0 1522 0 1 75 1 38 36 1
1476369935 14664 9704 6398 3158 2 0 1522 0 1 75 1 38 36 1
1476370181 14664 9704 6398 3158 2 0 1522 0 1 75 1 38 36 1
1476396518 14664 9704 6398 3161 2 0 1522 0 1 75 1 38 36 1
1476396544 14664 9704 6398 3258 2 0 1522 0 1 75 1 38 36 1
1476398805 14664 9704 6398 3283 2 0 1522 0 1 75 1 38 36 1
1476455075 14664 9704 6398 3283 2 0 1522 0 1 75 1 38 36 1
1476456065 14664 9715 6398 3283 2 0 1522 0 1 75 1 38 36 1
1476456889 14664 9728 6398 3283 2 0 1522 0 1 75 1 38 36 1
1476456956 14664 9728 6398 3283 2 0 1522 0 1 75 1 38 36 1
1476457811 14664 9728 6398 3283 2 0 1522 0 1 75 1 38 36 1
1476457859 14664 9729 6398 3283 2 0 1522 0 1 75 1 38 36 1
1476459841 14664 9734 6398 3283 2 0 1522 0 1 75 1 38 36 1
1476460146 14664 9736 6398 3283 2 0 1522 0 1 75 1 38 36 1
1476460172 14664 9737 6398 3283 2 0 1522 0 1 75 1 38 36 1
1476460400 14664 9737 6398 3390 2 0 1522 0 1 75 1 38 36 1
1476469766 14664 9737 6398 3390 2 0 1522 0 1 75 1 38 36 1
1476553772 14664 9737 6398 3390 2 0 1522 0 1 75 1 38 36 1
1476553813 14664 9737 6398 3390 2 0 1522 0 1 75 1 38 36 1
1476556056 14664 9737 6398 3399 2 0 1522 0 1 75 1 38 36 1
1476556739 14664 9737 6398 3422 2 0 1522 0 1 75 1 38 36 1
1476557044 14664 9737 6398 3424 2 0 1522 0 1 75 1 38 36 1
1476559741 14664 9737 6398 3425 2 0 1522 0 1 75 1 38 36 1
1476612422 14664 9767 6398 3425 2 0 1522 0 1 75 1 38 36 1
1476612473 14664 9806 6398 3425 2 0 1522 0 1 75 1 38 36 1
1476612499 14664 9866 6398 3425 2 0 1522 0 1 75 1 38 36 1
1476612531 14664 9878 6398 3425 2 0 1522 0 1 75 1 38 36 1
1476612578 14664 9897 6398 3425 2 0 1522 0 1 75 1 38 36 1
1476612622 14664 9929 6398 3425 2 0 1522 0 1 75 1 38 36 1
1476612657 14664 9942 6398 3425 2 0 1522 0 1 75 1 38 36 1
1476612701 14664 9963 6398 3425 2 0 1522 0 1 75 1 38 36 1
1476612726 14664 10014 6398 3425 2 0 1522 0 1 75 1 38 36 1
1476612742 14664 10039 6398 3425 2 0 1522 0 1 75 1 38 36 1
1476612786 14664 10040 6398 3425 2 0 1522 0 1 75 1 38 36 1
1476613226 14664 10040 6398 3425 2 0 1522 0 1 75 1 38 36 1
1476702388 14664 11543 6398 3425 2 0 1522 0 1 75 1 38 36 1
1476702406 14664 11570 6398 3425 2 0 1522 0 1 75 1 38 36 1
1476702612 14664 11592 6398 3497 2 0 1522 0 1 75 1 38 36 1
1476713008 14667 11592 6398 3497 2 0 1522 0 1 75 1 38 36 1
1476713057 14667 11592 6398 3497 2 0 1522 0 1 75 1 38 36 1
1476723147 14680 11592 6398 3497 2 0 1522 0 1 75 1 38 36 1
1476725386 14689 11592 6398 3497 2 0 1522 0 1 75 1 38 36 1
1476725398 14690 11592 6398 3497 2 0 1522 0 1 75 1 38 36 1
1476725419 14691 11592 6398 3497 2 0 1522 0 1 75 1 38 36 1
1476725454 14842 11592 6398 3497 2 0 1522 0 1 75 1 38 36 1
1476725989 14876 11592 6398 3497 2 0 1522 0 1 75 1 38 36 1
1476726062 14891 11592 6398 3497 2 0 1522 0 1 75 1 38 36 1
1476728345 14942 11592 6398 3497 2 0 1522 0 1 75 1 38 36 1
1476728393 14994 11592 6398 3497 2 0 1522 0 1 75 1 38 36 1
1476728403 14995 11592 6398 3497 2 0 1522 0 1 75 1 38 36 1
1476728434 15015 11592 6398 3497 2 0 1522 0 1 75 1 38 36 1
1476731629 15018 11592 6398 3497 2 0 1522 0 1 75 1 38 36 1
1476749520 15019 11592 6398 3497 2 0 1522 0 1 75 1 38 36 1
1476749558 15097 11592 6398 3497 2 0 1522 0 1 75 1 38 36 1
1476749569 15106 11592 6398 3497 2 0 1522 0 1 75 1 38 36 1
1476751578 15106 11592 6398 3546 2 0 1522 0 1 75 1 38 36 1
1476751919 15106 11592 6398 3596 2 0 1522 0 1 75 1 38 36 1
1476752088 15106 11592 6398 3646 2 0 1522 0 1 75 1 38 36 1
1476753666 15106 11592 6398 3676 2 0 1522 0 1 75 1 38 36 1
1476755003 15106 11592 6398 3676 2 0 1522 0 1 75 1 38 36 1
1476786832 15106 12537 6398 3676 2 0 1522 0 1 75 1 38 36 1
1476786861 15106 12587 6398 3676 2 0 1522 0 1 75 1 38 36 1
1476787211 15106 12596 6398 3676 2 0 1522 0 1 75 1 38 36 1
1476787332 15106 12596 6398 3676 2 0 1522 0 1 75 1 38 36 1
1476798894 15108 12596 6398 3676 2 0 1522 0 1 75 1 38 36 1
1476798923 15198 12596 6398 3676 2 0 1522 0 1 75 1 38 36 1
1476799270 15216 12596 6398 3676 2 0 1522 0 1 75 1 38 36 1
1476808162 15219 12599 6398 3986 2 0 1522 0 1 75 1 38 36 1
1476809352 15219 12599 6398 3986 2 0 1522 0 1 75 1 38 36 1
1476809472 15219 12599 6398 3986 2 0 1522 0 1 75 1 38 36 1
1476809711 15220 12599 6398 3986 2 0 1522 0 1 75 1 38 36 1
1476814156 15221 12599 6398 3986 2 0 1522 0 1 75 1 38 36 1
1476814171 15229 12599 6398 3986 2 0 1522 0 1 75 1 38 36 1
1476879202 15229 13552 6398 3986 2 0 1522 0 1 75 1 38 36 1
1476879214 15229 13581 6398 3986 2 0 1522 0 1 75 1 38 36 1
1476880653 15230 13581 6398 3986 2 0 1522 0 1 75 1 38 36 1
1476880673 15233 13581 6398 3986 2 0 1522 0 1 75 1 38 36 1
1476992845 15233 13581 6398 4035 2 0 1522 0 1 75 1 38 36 1
1476992913 15233 13581 6398 4103 2 0 1522 0 1 75 1 38 36 1
1477055939 15233 13581 6398 4103 2 0 1522 0 1 75 1 38 36 1
1477058835 15233 13581 6398 4103 2 0 1522 0 1 75 1 38 36 1
1477059612 15233 13581 6398 4103 2 0 1522 0 1 75 1 38 36 1
1477059708 15233 13581 6398 4103 2 0 1522 0 1 75 1 38 36 1
1477059725 15233 13581 6398 4103 2 0 1522 0 1 75 1 38 36 1
1477059850 15431 13581 6398 4103 2 0 1522 0 1 75 1 38 36 1
1477060323 15431 13581 6398 4103 2 0 1522 0 1 75 1 38 36 1
1477060405 15431 13581 6398 4103 2 0 1522 0 1 75 1 38 36 1
1477060412 15431 13581 6398 4103 2 0 1522 0 1 75 1 38 36 1
1477060433 15431 13581 6398 4103 2 0 1522 0 1 75 1 38 36 1
1477060438 15431 13581 6398 4103 2 0 1522 0 1 75 1 38 36 1
1477060657 15431 13581 6398 4103 2 0 1522 0 1 75 1 38 36 1
1477060680 15431 13581 6398 4103 2 0 1522 0 1 75 1 38 36 1
1477078451 15432 13581 6398 4103 2 0 1522 0 1 75 1 38 36 1
1477078502 15739 13581 6398 4103 2 0 1522 0 1 75 1 38 36 1
1477078521 15745 13581 6398 4103 2 0 1522 0 1 75 1 38 36 1
1477078532 15747 13581 6398 4103 2 0 1522 0 1 75 1 38 36 1
1477094403 15748 13581 6398 4103 2 0 1522 0 1 75 1 38 36 1
1477094429 15775 13581 6398 4103 2 0 1522 0 1 75 1 38 36 1
1477094480 15821 13581 6398 4103 2 0 1522 0 1 75 1 38 36 1
1477094495 15890 13581 6398 4103 2 0 1522 0 1 75 1 38 36 1
1477132825 15890 13665 6398 4103 2 0 1522 0 1 75 1 38 36 1
1477148536 15890 13670 6398 4103 2 0 1522 0 1 75 1 38 36 1
1477163146 15890 14406 6398 4103 2 0 1522 0 1 75 1 38 36 1
1477163171 15890 14408 6398 4103 2 0 1522 0 1 75 1 38 36 1
1477164904 15890 15424 6398 4103 2 0 1522 0 1 75 1 38 36 1
1477165762 15890 16105 6398 4103 2 0 1522 0 1 75 1 38 36 1
1477166169 15890 16105 6398 4103 2 0 1522 0 1 75 1 38 36 1
1477168545 15890 16116 6398 4103 2 0 1522 0 1 75 1 38 36 1
1477169084 15890 16116 6398 4103 2 0 1522 0 1 75 1 38 36 1
1477170413 15890 16255 6398 4103 2 0 1522 0 1 75 1 38 36 1
1477171588 15890 16306 6398 4103 2 0 1522 0 1 75 1 38 36 1
1477176089 15890 16306 6398 4103 2 0 1522 0 1 75 1 38 36 1
1477176630 15890 16307 6398 4103 2 0 1522 0 1 75 1 38 36 1
1477177269 15890 16307 6398 4103 2 0 1522 0 1 75 1 38 36 1
1477179214 15890 16377 6398 4103 2 0 1522 0 1 75 1 38 36 1
1477181722 15890 16507 6398 4103 2 0 1522 0 1 75 1 38 36 1
1477215252 15890 16507 6398 4103 2 0 1522 0 1 75 1 38 36 1
1477215922 15891 22949 6398 4103 2 0 1522 0 1 75 1 38 36 1
1477318619 15891 22949 6398 4103 2 0 1522 0 1 75 1 38 36 1
1477319199 15891 22949 6398 4103 2 0 1522 0 1 75 1 38 36 1
1477319217 15891 22949 6398 4103 2 0 1522 0 1 75 1 38 36 1
1477322410 15891 22949 6403 4103 2 0 1522 0 1 75 1 38 36 1
1477322641 15902 22949 6403 4103 2 0 1522 0 1 75 1 38 36 1
1477322676 15904 22949 6403 4103 2 0 1522 0 1 75 1 38 36 1
1477322697 15911 22949 6403 4103 2 0 1522 0 1 75 1 38 36 1
1477323276 15911 22949 6403 4103 2 0 1522 0 1 75 1 38 36 1
1477323445 15912 22949 6403 4103 2 0 1522 0 1 75 1 38 36 1
1477338057 15912 22949 6403 4103 2 0 1522 0 1 75 1 38 36 1
1477338075 15913 22949 6403 4103 2 0 1522 0 1 75 1 38 36 1
1477338506 15913 22949 6403 4108 2 0 1522 0 1 75 1 38 36 1
1477398842 15913 22949 6403 4109 2 0 1522 0 1 75 1 38 36 1
1477400502 15913 22949 6403 4109 2 0 1522 0 1 75 1 38 36 1
1477409984 15913 22949 6403 4109 2 0 1522 0 1 75 1 38 36 1
1477410545 15913 22949 6403 4109 2 0 1522 0 1 75 1 38 36 1
1477410648 15913 22950 6403 4109 2 0 1522 0 1 75 1 38 36 1
1477412731 15913 22990 6403 4109 2 0 1522 0 1 75 1 38 36 1
1477415284 15913 22990 6403 4109 2 0 1522 0 1 75 1 38 36 1
1477415679 15913 22991 6403 4109 2 0 1522 0 1 75 1 38 36 1
1477415707 15913 22991 6403 4109 2 0 1522 0 1 75 1 38 36 1
1477501371 15916 22991 6403 4109 2 0 1522 0 1 75 1 38 36 1
1477501440 15927 22991 6403 4109 2 0 1522 0 1 75 1 38 36 1
1477501478 15933 22991 6403 4109 2 0 1522 0 1 75 1 38 36 1
1477501529 15934 22991 6403 4109 2 0 1522 0 1 75 1 38 36 1
1477501557 15943 22991 6403 4109 2 0 1522 0 1 75 1 38 36 1
1477507312 15943 22991 6403 4109 2 0 1522 0 1 75 1 38 36 1
1477526366 15943 22991 6403 4112 2 0 1522 0 1 75 1 38 36 1
1477526390 15943 22991 6403 4198 2 0 1522 0 1 75 1 38 36 1
1477526955 15943 22991 6403 4199 2 0 1522 0 1 75 1 38 36 1
1477561032 15943 23079 6403 4199 2 0 1522 0 1 75 1 38 36 1
1477561052 15943 23159 6403 4199 2 0 1522 0 1 75 1 38 36 1
1477561857 15943 23179 6403 4199 2 0 1522 0 1 75 1 38 36 1
1477561913 15943 23183 6403 4199 2 0 1522 0 1 75 1 38 36 1
1477561933 15943 23183 6403 4199 2 0 1522 0 1 75 1 38 36 1
1477563910 15943 25108 6403 4199 2 0 1522 0 1 75 1 38 36 1
1477563931 15943 25146 6403 4199 2 0 1522 0 1 75 1 38 36 1
1477564092 15943 25152 6403 4199 2 0 1522 0 1 75 1 38 36 1
1477564956 15943 25214 6403 4199 2 0 1522 0 1 75 1 38 36 1
1477565783 15943 25289 6403 4199 2 0 1522 0 1 75 1 38 36 1
1477565883 15943 25293 6403 4199 2 0 1522 0 1 75 1 38 36 1
1477565992 15943 25295 6403 4199 2 0 1522 0 1 75 1 38 36 1
1477566578 15943 25356 6403 4199 2 0 1522 0 1 75 1 38 36 1
1477567158 15943 25417 6403 4199 2 0 1522 0 1 75 1 38 36 1
1477568133 15943 25417 6403 4199 2 0 1522 0 1 75 1 38 36 1
1477568151 15943 25417 6403 4199 2 0 1522 0 1 75 1 38 36 1
1477568568 15943 25417 6403 4199 2 0 1522 0 1 75 1 38 36 1
1477568812 15943 25418 6403 4199 2 0 1522 0 1 75 1 38 36 1
1477573627 15944 25418 6403 4199 2 0 1522 0 1 75 1 38 36 1
1477573640 15947 25418 6403 4199 2 0 1522 0 1 75 1 38 36 1
1477573659 15948 25418 6403 4199 2 0 1522 0 1 75 1 38 36 1
1477573681 15950 25418 6403 4199 2 0 1522 0 1 75 1 38 36 1
1477573710 15951 25418 6403 4199 2 0 1522 0 1 75 1 38 36 1
1477574602 15952 25418 6403 4199 2 0 1522 0 1 75 1 38 36 1
1477576201 15962 25418 6403 4199 2 0 1522 0 1 75 1 38 36 1
1477576379 15963 25418 6403 4199 2 0 1522 0 1 75 1 38 36 1
1477619878 15966 25418 6403 4199 2 0 1522 0 1 75 1 38 36 1
1477619912 15981 25418 6403 4199 2 0 1522 0 1 75 1 38 36 1
1477619969 16027 25418 6403 4199 2 0 1522 0 1 75 1 38 36 1
1477658328 16027 25418 6403 4199 2 0 1522 0 1 75 1 38 36 1
1477658586 16028 25418 6403 4199 2 0 1522 0 1 75 1 38 36 1
1477744981 16146 25418 6403 4199 2 0 1522 0 1 75 1 38 36 1
1477747309 16448 25418 6403 4199 2 0 1522 0 1 75 1 38 36 1
1477747332 16484 25418 6403 4199 2 0 1522 0 1 75 1 38 36 1
1477774268 16487 25418 6403 4199 2 0 1522 0 1 75 1 38 36 1
1477775026 16488 25418 6403 4199 2 0 1522 0 1 75 1 38 36 1
1477775041 16489 25418 6403 4199 2 0 1522 0 1 75 1 38 36 1
1477775665 16489 25418 6403 4199 2 0 1522 0 1 75 1 38 36 1
1477775713 16490 25418 6403 4199 2 0 1522 0 1 75 1 38 36 1
1477866267 16492 25418 6403 4199 2 0 1522 0 1 75 1 38 36 1
1477866313 16909 25418 6403 4199 2 0 1522 0 1 75 1 38 36 1
1477866348 16927 25418 6403 4199 2 0 1522 0 1 75 1 38 36 1
1477915790 16945 25418 6403 4199 2 0 1522 0 1 75 1 38 36 1
1477917350 16969 25418 6403 4199 2 0 1522 0 1 75 1 38 36 1
1477917382 16992 25418 6403 4199 2 0 1522 0 1 75 1 38 36 1
1477917885 16994 25418 6403 4199 2 0 1522 0 1 75 1 38 36 1
1477917990 16995 25418 6403 4199 2 0 1522 0 1 75 1 38 36 1
1478095716 16996 25418 6403 4199 2 0 1522 0 1 75 1 38 36 1
1478095746 16999 25418 6403 4199 2 0 1522 0 1 75 1 38 36 1
1478095860 17001 25418 6403 4199 2 0 1522 0 1 75 1 38 36 1
1478096317 17003 25418 6403 4199 2 0 1522 0 1 75 1 38 36 1
1478183254 17003 25418 6403 4199 2 0 1522 0 1 75 1 38 36 1
1478183477 17003 25418 6404 4199 2 0 1522 0 1 75 1 38 36 1
1478190043 17003 25418 6409 4199 2 0 1522 0 1 75 1 38 36 1
1478191157 17003 25418 6409 4199 2 0 1522 0 1 75 1 38 36 1
1478191580 17003 25418 6410 4199 2 0 1522 0 1 75 1 38 36 1
1478192084 17003 25418 6410 4203 2 0 1522 0 1 75 1 38 36 1
1478192108 17003 25418 6410 4204 2 0 1522 0 1 75 1 38 36 1
1478287375 17003 25418 6410 4204 2 0 1522 0 1 75 1 38 36 1
1478536271 17071 25418 6410 4204 2 0 1522 0 1 75 1 38 36 1
1478536381 17358 25418 6410 4204 2 0 1522 0 1 75 1 38 36 1
1478536740 17426 25418 6410 4204 2 0 1522 0 1 75 1 38 36 1
1478537841 17455 25418 6410 4204 2 0 1522 0 1 75 1 38 36 1
1478554616 17455 25418 6480 4204 2 0 1522 0 1 75 1 38 36 1
1478612495 17461 25418 6480 4204 2 0 1522 0 1 75 1 38 36 1
1478612520 17512 25418 6480 4204 2 0 1522 0 1 75 1 38 36 1
1478612540 17517 25418 6480 4204 2 0 1522 0 1 75 1 38 36 1
1478613327 17527 25418 6480 4204 2 0 1522 0 1 75 1 38 36 1
1478613335 17527 25418 6480 4204 2 0 1522 0 1 75 1 38 36 1
1478613870 17527 25418 6480 4204 2 0 1522 0 1 75 1 38 36 1
1478614373 17527 25418 6480 4204 2 0 1522 0 1 75 1 38 36 1
1478615966 17527 25418 6572 4204 2 0 1522 0 1 75 1 38 36 1
1478616435 17527 25418 6572 4204 2 0 1522 0 1 75 1 38 36 1
1478622384 17530 25418 6572 4204 2 0 1522 0 1 75 1 38 36 1
1478622412 17586 25418 6572 4204 2 0 1522 0 1 75 1 38 36 1
1478622441 17589 25418 6572 4204 2 0 1522 0 1 75 1 38 36 1
1478623051 17592 25418 6572 4204 2 0 1522 0 1 75 1 38 36 1
1478623069 17594 25418 6572 4204 2 0 1522 0 1 75 1 38 36 1
1478630855 17617 25418 6572 4204 2 0 1522 0 1 75 1 38 36 1
1478630884 17691 25418 6572 4204 2 0 1522 0 1 75 1 38 36 1
1478705644 17691 25418 6661 4204 2 0 1522 0 1 75 1 38 36 1
1478718625 17713 25418 6661 4204 2 0 1522 0 1 75 1 38 36 1
1478718630 17738 25418 6661 4204 2 0 1522 0 1 75 1 38 36 1
1478718662 17749 25418 6661 4204 2 0 1522 0 1 75 1 38 36 1
1478720228 17749 25418 6661 4204 2 0 1522 0 1 75 1 38 36 1
1478720270 17749 25418 6661 4204 2 0 1522 0 1 75 1 38 36 1
1478720760 17754 25418 6661 4204 2 0 1522 0 1 75 1 38 36 1
1478721507 17755 25418 6661 4204 2 0 1522 0 1 75 1 38 36 1
1478815618 17755 25418 6726 4204 2 0 1522 0 1 75 1 38 36 1
1478825530 17756 25418 6726 4204 2 0 1522 0 1 75 1 38 36 1
1478825750 17785 25418 6726 4204 2 0 1522 0 1 75 1 38 36 1
1478825767 17786 25418 6726 4204 2 0 1522 0 1 75 1 38 36 1
1478826143 17786 25418 6726 4204 2 0 1522 0 1 75 1 38 36 1
1478827110 17787 25418 6726 4204 2 0 1522 0 1 75 1 38 36 1
1478827208 17787 25418 6726 4204 2 0 1522 0 1 75 1 38 36 1
1478827284 17788 25418 6726 4204 2 0 1522 0 1 75 1 38 36 1
1478893976 17798 25418 6726 4204 2 0 1522 0 1 75 1 38 36 1
1478894047 17832 25418 6726 4204 2 0 1522 0 1 75 1 38 36 1
1478894100 17867 25418 6726 4204 2 0 1522 0 1 75 1 38 36 1
1478894124 17900 25418 6726 4204 2 0 1522 0 1 75 1 38 36 1
1479132507 17938 25418 6726 4204 2 0 1522 0 1 75 1 38 36 1
1479132637 17994 25418 6726 4204 2 0 1522 0 1 75 1 38 36 1
1479134561 17994 25418 6726 4204 2 0 1522 0 1 75 1 38 36 1
1479134715 17995 25418 6726 4204 2 0 1522 0 1 75 1 38 36 1
1479140367 18005 25418 6726 4204 2 0 1522 0 1 75 1 38 36 1
1479140620 18006 25418 6726 4204 2 0 1522 0 1 75 1 38 36 1
1479153016 18006 25418 6726 4204 2 0 1522 0 1 75 1 38 36 1
1479153222 18038 25418 6726 4204 2 0 1522 0 1 75 1 38 36 1
1479153312 18056 25418 6726 4204 2 0 1522 0 1 75 1 38 36 1
1479223217 18056 25418 6726 4204 2 0 1522 0 1 75 1 38 36 1
1479223297 18057 25418 6726 4204 2 0 1522 0 1 75 1 38 36 1
1479236789 18057 25418 6727 4204 2 0 1522 0 1 75 1 38 36 1
1479388341 18057 25418 6727 4204 2 0 1522 0 1 75 1 38 36 1
1479389495 18083 25418 6727 4204 2 0 1522 0 1 75 1 38 36 1
1479395816 18084 25418 6727 4204 2 0 1522 0 1 75 1 38 36 1
1479469274 18084 25418 6727 4204 2 0 1522 0 1 75 1 38 36 1
1480340556 18097 25418 6727 4204 2 0 1522 0 1 75 1 38 36 1
1480344123 18097 25418 6727 4204 2 0 1522 0 1 75 1 38 36 1
1480353263 18097 25418 6727 4204 2 0 1522 0 1 75 1 38 36 1
1480363468 18097 25418 6727 4221 2 0 1522 0 1 75 1 38 36 1
1480364940 18097 25418 6727 4221 2 0 1522 0 1 75 1 38 36 1
1480427291 18098 25418 6727 4221 2 0 1522 0 1 75 1 38 36 1
1480440294 18165 25418 6727 4221 2 0 1522 0 1 75 1 38 36 1
1480441359 18171 25418 6727 4221 2 0 1522 0 1 75 1 38 36 1
1480445575 18172 25418 6727 4221 2 0 1522 0 1 75 1 38 36 1
1480445687 18188 25418 6727 4221 2 0 1522 0 1 75 1 38 36 1
1480445698 18217 25418 6727 4221 2 0 1522 0 1 75 1 38 36 1
1480446706 18217 25418 6727 4221 2 0 1522 0 1 75 1 38 36 1
1480446806 18218 25418 6727 4221 2 0 1522 0 1 75 1 38 36 1
1481573064 18220 25418 6727 4221 2 0 1522 0 1 75 1 38 36 1
1481573148 18231 25418 6727 4221 2 0 1522 0 1 75 1 38 36 1
1481573160 18242 25418 6727 4221 2 0 1522 0 1 75 1 38 36 1
1482069144 18242 25418 6727 4224 2 0 1522 0 1 75 1 38 36 1
1482158353 18242 25418 6727 4224 2 0 1522 0 1 75 1 38 36 1
1482166405 18242 25418 6727 4224 2 0 1522 0 1 75 1 38 36 1
1482174316 18242 25419 6727 4224 2 0 1522 0 1 75 1 38 36 1
1482239388 18242 25419 6727 4224 2 0 1522 0 1 75 1 38 36 1
1486147520 18242 25449 6727 4224 2 0 1522 0 1 75 1 38 36 1
1486149187 18242 25449 6727 4224 2 0 1522 0 1 75 1 38 36 1
1486149245 18242 25450 6727 4224 2 0 1522 0 1 75 1 38 36 1
